1	1	1	1114209756
2	1	1	1429231813
3	2	1	1136422590
4	2	1	1140656680
5	2	1	1154388156
6	2	1	1171439516
7	2	1	1171547345
7	2	1	1171548798
7	2	1	1171551159
8	2	1	1184423574
9	2	1	1184525078
9	2	1	1184527425
9	2	1	1184618803
8	2	1	1184670158
8	2	1	1184670210
9	2	1	1184690255
9	2	1	1184953328
10	2	1	1185059043
10	2	1	1185059166
9	2	1	1185145912
9	2	1	1185220165
9	2	1	1185317684
9	2	1	1185396324
9	2	1	1185519624
9	2	1	1187364141
9	2	1	1187552110
9	2	1	1189286275
9	2	1	1189371824
9	2	1	1190590089
9	2	1	1193720185
9	2	1	1193951547
11	2	1	1195732121
8	2	1	1195741370
9	2	1	1197439237
9	2	1	1206364108
9	2	1	1206706018
9	2	1	1207882555
9	2	1	1208920109
9	2	1	1208922253
9	2	1	1211069538
9	2	1	1212412468
9	2	1	1231273387
12	2	1	1265820077
12	2	1	1265820150
12	2	1	1265820645
12	2	1	1266655276
12	2	1	1266655406
12	2	1	1266655741
12	2	1	1266655893
12	2	1	1266656083
12	2	1	1266656206
12	2	1	1266656418
12	2	1	1266656897
12	2	1	1266657141
12	2	1	1266657631
12	2	1	1266657813
12	2	1	1266658024
12	2	1	1266658259
12	2	1	1266658440
12	2	1	1266658573
12	2	1	1266658730
12	2	1	1266659544
12	2	1	1266659717
12	2	1	1266659966
12	2	1	1266660258
12	2	1	1266660640
12	2	1	1266849330
12	2	1	1267800081
12	2	1	1267800116
12	2	1	1267800229
12	2	1	1267803852
12	2	1	1268664956
12	2	1	1268665007
12	2	1	1268665053
12	2	1	1268665126
12	2	1	1268745012
12	2	1	1268745082
12	2	1	1269609499
12	2	1	1269609693
13	2	1	1337690973
14	3	1	1135904033
14	4	1	1135904163
3	5	1	1136421905
3	5	1	1443444837
3	6	1	1136421971
15	7	1	1137765250
16	8	1	1151850662
17	8	1	1277174380
17	8	1	1277175869
5	9	1	1154388156
9	9	1	1184519505
8	9	1	1185198347
9	9	1	1208920160
18	10	1	1162125118
17	10	1	1225272852
19	11	1	1162392703
19	12	1	1166196302
8	12	1	1178814926
8	12	1	1178814935
8	12	1	1178894695
8	12	1	1179322219
8	12	1	1179322227
9	12	1	1181173821
9	12	1	1181173987
8	12	1	1184423462
9	12	1	1184518272
8	12	1	1185275328
8	12	1	1185275369
8	12	1	1187356242
8	12	1	1187356522
9	12	1	1187364900
9	12	1	1201923421
9	12	1	1208923548
9	12	1	1208923620
20	12	1	1424808404
20	12	1	1428783788
6	13	1	1171439586
6	14	1	1171439602
7	15	1	1171548865
7	15	1	1171548886
9	15	1	1184691183
21	15	1	1185185738
10	15	1	1185212523
21	15	1	1185263562
9	15	1	1186644121
9	15	1	1189367206
9	15	1	1198274118
22	15	1	1212041953
9	15	1	1212412007
9	15	1	1212428028
7	16	1	1171548942
9	16	1	1184691109
9	16	1	1184697785
21	16	1	1185185813
8	16	1	1185191155
10	16	1	1185212569
21	16	1	1185263298
9	16	1	1186644069
9	16	1	1187287967
9	16	1	1189366735
23	16	1	1216677526
24	16	1	1319589333
25	16	1	1387747390
26	16	1	1467103031
20	16	1	1493236994
7	17	1	1171548963
9	17	1	1184691303
9	17	1	1184697980
21	17	1	1185185608
10	17	1	1185212457
21	17	1	1185263620
9	17	1	1186644209
9	17	1	1187288067
9	17	1	1189368937
20	17	1	1493237011
7	18	1	1171548999
9	18	1	1184690813
21	18	1	1185185565
21	18	1	1185185581
10	18	1	1185212602
21	18	1	1185263512
9	18	1	1186643910
9	18	1	1186643940
9	18	1	1189365603
27	18	1	1257345868
9	18	1	1257350565
25	18	1	1336093784
20	18	1	1493236990
7	19	1	1171549018
9	19	1	1184690983
9	19	1	1184697877
21	19	1	1185185771
9	19	1	1186644011
9	19	1	1187287882
9	19	1	1189366280
25	19	1	1336093783
28	19	1	1351437259
25	19	1	1387747428
26	19	1	1467103057
20	19	1	1493236990
7	20	1	1171549032
9	20	1	1184691393
9	20	1	1184695364
9	20	1	1184697081
21	20	1	1185185670
21	20	1	1185185676
10	20	1	1185212382
10	20	1	1185212676
21	20	1	1185263479
9	20	1	1186644268
9	20	1	1187288135
9	20	1	1189369297
23	20	1	1216677405
28	20	1	1221496345
25	20	1	1327091703
25	20	1	1334610595
29	20	1	1348705441
29	20	1	1368423326
20	20	1	1493237016
8	21	1	1184423523
9	21	1	1184519081
9	21	1	1201923645
20	21	1	1349097905
28	21	1	1359123133
20	21	1	1417592526
20	21	1	1418822420
20	21	1	1419610715
20	21	1	1424199047
20	21	1	1424267965
20	21	1	1424768786
20	21	1	1425384341
20	21	1	1425670520
20	21	1	1425996019
20	21	1	1426165437
20	21	1	1426676666
20	21	1	1428919887
20	21	1	1429168322
20	21	1	1429300030
20	21	1	1432021562
20	21	1	1432579322
20	21	1	1433534350
20	21	1	1433538237
20	21	1	1439466982
20	21	1	1442220653
20	21	1	1444037192
20	21	1	1446208051
20	21	1	1466766703
20	21	1	1472640825
20	21	1	1486995468
20	21	1	1499071448
8	22	1	1184423718
21	22	1	1184426780
10	22	1	1184428743
8	22	1	1184432366
9	22	1	1184516857
9	22	1	1184559216
9	22	1	1184562535
9	22	1	1184562647
8	22	1	1186310714
9	22	1	1186339416
9	22	1	1186339459
8	22	1	1187355792
9	22	1	1187368065
8	22	1	1187375984
9	22	1	1192220091
8	22	1	1192262315
21	22	1	1193060600
17	22	1	1193088909
17	22	1	1193088927
9	22	1	1198512606
9	22	1	1202039675
8	22	1	1202128406
8	22	1	1202128435
9	22	1	1261659732
30	22	1	1269501387
9	22	1	1293205177
31	22	1	1309683955
31	22	1	1319678299
31	22	1	1324523176
9	22	1	1324686446
31	22	1	1326645312
31	22	1	1329059964
31	22	1	1338600288
31	22	1	1338921646
31	22	1	1339835751
31	22	1	1342729561
31	22	1	1346897607
31	22	1	1347284332
31	22	1	1350357240
31	22	1	1350494385
31	22	1	1351958487
31	22	1	1357679911
31	22	1	1358610176
31	22	1	1359579191
31	22	1	1363206245
31	22	1	1365547429
31	22	1	1366780870
9	22	1	1366808914
32	22	1	1366945804
31	22	1	1367295038
31	22	1	1367348394
31	22	1	1369084408
31	22	1	1370311533
31	22	1	1371963719
31	22	1	1372942696
33	22	1	1372951453
31	22	1	1374587300
34	22	1	1374598692
31	22	1	1377027767
31	22	1	1379992391
31	22	1	1380914134
31	22	1	1381265613
31	22	1	1383684024
31	22	1	1384818731
9	22	1	1387909737
35	22	1	1389854819
35	22	1	1392813034
35	22	1	1393020023
35	22	1	1393616685
35	22	1	1394747808
35	22	1	1396307095
36	22	1	1396891599
35	22	1	1400531918
35	22	1	1400880566
35	22	1	1403214876
35	22	1	1408642512
35	22	1	1408659319
35	22	1	1409676725
35	22	1	1414346652
35	22	1	1415986576
9	22	1	1419448455
35	22	1	1425249247
35	22	1	1425499301
35	22	1	1426275999
35	22	1	1428682331
35	22	1	1429592830
35	22	1	1430711384
35	22	1	1431883752
35	22	1	1433533552
35	22	1	1433546569
35	22	1	1434751239
35	22	1	1434759326
35	22	1	1437714528
35	22	1	1438386177
35	22	1	1438392263
35	22	1	1439939332
35	22	1	1439948153
35	22	1	1441217560
35	22	1	1441221692
35	22	1	1441399974
35	22	1	1441404349
35	22	1	1442955672
35	22	1	1442967120
35	22	1	1443459379
35	22	1	1447106330
35	22	1	1447152503
35	22	1	1447796626
20	22	1	1448314023
35	22	1	1448488070
35	22	1	1448492398
35	22	1	1448980749
35	22	1	1450472289
35	22	1	1450475889
35	22	1	1451958549
9	22	1	1452299413
35	22	1	1453143977
35	22	1	1459446473
35	22	1	1460927266
35	22	1	1467197404
35	22	1	1467205572
35	22	1	1467342339
37	22	1	1467974518
35	22	1	1470765755
35	22	1	1473692922
35	22	1	1473772668
35	22	1	1475266289
35	22	1	1475717690
35	22	1	1479081616
35	22	1	1479082292
35	22	1	1481743978
35	22	1	1487190681
35	22	1	1489088650
35	22	1	1489813751
35	22	1	1491536269
35	22	1	1491932025
35	22	1	1492070519
35	22	1	1493838931
35	22	1	1494254499
35	22	1	1494945845
35	22	1	1494968956
35	22	1	1495573542
35	22	1	1496306339
38	22	1	1496339347
35	22	1	1498033685
35	22	1	1499353396
8	23	1	1184423757
8	23	1	1480195383
8	24	1	1184423777
21	25	1	1184426935
21	25	1	1184427028
8	26	1	1184432366
9	27	1	1184515621
9	27	1	1184518335
9	28	1	1184517047
9	28	1	1184518494
9	29	1	1184519903
9	29	1	1184690609
9	29	1	1184694442
9	29	1	1184696997
21	29	1	1185185639
21	29	1	1185185649
10	29	1	1185212418
10	29	1	1185212729
21	29	1	1185263414
21	29	1	1185263441
21	29	1	1185263450
9	29	1	1186642620
9	29	1	1187287743
9	29	1	1187311559
9	29	1	1187460789
23	29	1	1216676161
23	29	1	1218046322
39	29	1	1268936654
39	29	1	1273969924
39	29	1	1286014853
25	29	1	1295365202
25	29	1	1307880081
40	29	1	1321592046
25	29	1	1324719460
25	29	1	1336552148
29	29	1	1347830362
29	29	1	1350657154
25	29	1	1387739123
29	29	1	1446604514
29	29	1	1464443856
29	29	1	1475845832
26	29	1	1483649653
20	29	1	1493236946
9	30	1	1184560719
9	30	1	1184566622
9	30	1	1184684406
9	30	1	1187289558
9	31	1	1184617144
9	31	1	1189391534
9	32	1	1184617611
9	32	1	1189391395
9	32	1	1189392887
8	33	1	1184670006
8	33	1	1184670021
8	33	1	1184670251
9	33	1	1184678616
8	34	1	1184670021
8	35	1	1184670227
9	36	1	1184689226
9	36	1	1184690017
9	36	1	1187368817
20	36	1	1343722621
41	36	1	1343900784
9	36	1	1344481881
41	36	1	1349092340
28	36	1	1359106311
28	36	1	1364651235
42	36	1	1368989697
20	36	1	1412585234
20	36	1	1418901631
20	36	1	1425288844
20	36	1	1429300068
20	36	1	1442319698
20	36	1	1499071464
8	37	1	1185105146
43	37	1	1194884533
44	37	1	1198266563
8	38	1	1185105208
9	38	1	1185220760
8	39	1	1185105237
9	39	1	1185221110
9	39	1	1187370642
8	40	1	1185275328
45	40	1	1209166909
9	41	1	1185395450
9	41	1	1185395709
9	41	1	1186643727
9	41	1	1189364229
9	42	1	1185515565
9	42	1	1186643847
9	42	1	1189365218
28	42	1	1221496392
20	42	1	1493236979
9	43	1	1185517232
9	43	1	1187369016
28	43	1	1221113663
28	43	1	1221258182
28	43	1	1221321398
28	43	1	1221500447
28	43	1	1227346783
28	43	1	1235305360
28	43	1	1246695863
28	43	1	1277149458
28	43	1	1282905379
28	43	1	1307636773
28	43	1	1319472073
28	43	1	1319518616
28	43	1	1359112211
28	43	1	1359226071
20	43	1	1417008397
20	43	1	1425484677
20	43	1	1429300072
20	43	1	1457527767
20	43	1	1466773880
20	43	1	1466773978
20	43	1	1468525673
20	43	1	1476094411
20	43	1	1479910518
20	43	1	1492957567
20	43	1	1499071460
8	44	1	1185618257
8	45	1	1185618279
9	46	1	1185683314
9	46	1	1187369728
28	46	1	1221671294
28	46	1	1221767880
28	46	1	1231414588
28	46	1	1244136934
28	46	1	1319484272
28	46	1	1327085626
28	46	1	1359124937
20	46	1	1417008713
20	46	1	1425484996
20	46	1	1429300074
20	46	1	1432581280
20	46	1	1433535247
20	46	1	1466772097
20	46	1	1479910456
20	46	1	1499071463
8	47	1	1185970473
8	47	1	1185970492
8	47	1	1190455115
9	48	1	1186256790
9	48	1	1189373185
9	48	1	1189388589
9	48	1	1189389484
20	48	1	1426675301
20	48	1	1499071431
9	49	1	1186426419
9	49	1	1187369278
20	49	1	1425484539
20	49	1	1426677368
20	49	1	1429300070
20	49	1	1438164708
20	49	1	1446204582
20	49	1	1466601082
20	49	1	1499071461
9	50	1	1186642299
9	51	1	1186642765
9	51	1	1186643285
9	51	1	1187287509
9	51	1	1201486670
28	51	1	1221110977
28	51	1	1221453677
28	51	1	1221642193
28	51	1	1232063895
28	51	1	1269971268
28	51	1	1270060969
28	51	1	1307648436
28	51	1	1359120650
20	51	1	1417609489
20	51	1	1418130232
20	51	1	1420391806
20	51	1	1422052067
20	51	1	1425484372
20	51	1	1429300038
20	51	1	1445945076
41	51	1	1448001991
46	51	1	1448013957
20	51	1	1466773295
20	51	1	1499071455
9	52	1	1187287374
9	53	1	1187288341
9	53	1	1201656462
28	53	1	1221982391
28	53	1	1222031180
28	53	1	1231675677
28	53	1	1231681689
28	53	1	1231770567
28	53	1	1231791075
47	53	1	1231797185
28	53	1	1231842140
28	53	1	1232192943
28	53	1	1232224110
28	53	1	1235408889
28	53	1	1244749735
28	53	1	1277163393
28	53	1	1307648330
28	53	1	1307786507
25	53	1	1315184799
28	53	1	1319479057
28	53	1	1319546950
28	53	1	1359121429
28	53	1	1364651224
48	53	1	1412350110
20	53	1	1417009122
20	53	1	1418806132
20	53	1	1420393313
20	53	1	1422051997
20	53	1	1425484425
20	53	1	1447839000
20	53	1	1473414064
20	53	1	1499071457
8	54	1	1184417423
9	54	1	1186253317
9	54	1	1186261249
8	54	1	1187355891
8	54	1	1187356242
8	54	1	1187356275
8	54	1	1187356472
9	54	1	1187365828
8	54	1	1191404414
8	55	1	1184856111
8	55	1	1184856121
8	55	1	1184856179
9	55	1	1185093681
8	55	1	1187356242
9	55	1	1187365082
9	56	1	1184613832
9	56	1	1184614554
9	56	1	1184615014
9	56	1	1184677211
8	56	1	1187356242
9	56	1	1187364613
9	56	1	1187461463
8	57	1	1184142884
9	57	1	1184205118
8	57	1	1187356242
9	57	1	1187364739
9	57	1	1208923429
9	57	1	1208923475
8	58	1	1187356617
8	59	1	1187356631
8	60	1	1187356661
8	60	1	1187356668
14	61	1	1135132612
16	61	1	1144066162
14	61	1	1146493687
14	61	1	1146494036
49	61	1	1146499201
17	61	1	1149724624
14	61	1	1154736379
14	61	1	1159531950
50	61	1	1165271882
51	61	1	1165515795
52	61	1	1165516037
53	61	1	1168623125
8	61	1	1187534730
9	61	1	1187542692
9	61	1	1201372858
9	61	1	1201372983
17	62	1	1149724611
14	62	1	1154736359
14	62	1	1159531991
8	62	1	1187534730
9	62	1	1187542870
50	63	1	1165271855
8	63	1	1187534730
9	63	1	1187542967
9	63	1	1187543061
9	63	1	1201373078
8	64	1	1187534761
9	64	1	1201373664
8	65	1	1187534876
9	66	1	1187542967
54	67	1	1109182463
54	67	1	1109182528
54	67	1	1110284071
55	67	1	1110293995
56	67	1	1116370064
54	67	1	1117685836
57	67	1	1123733193
57	67	1	1123978442
8	67	1	1189086456
9	67	1	1190329908
9	67	1	1190911150
56	68	1	1117587458
8	68	1	1189086456
9	68	1	1190329977
9	68	1	1191365449
54	69	1	1109177325
58	69	1	1114715971
56	69	1	1116370008
54	69	1	1117685839
59	69	1	1147200469
8	69	1	1189086456
9	69	1	1190330054
9	69	1	1191566832
54	70	1	1109177123
60	70	1	1110139119
60	70	1	1110139943
56	70	1	1116369948
56	70	1	1116370383
54	70	1	1117685819
59	70	1	1147183818
8	70	1	1189086457
9	70	1	1190330131
9	70	1	1191567652
54	71	1	1109177420
56	71	1	1116369899
56	71	1	1116370342
54	71	1	1117685821
61	71	1	1168850600
17	71	1	1168850642
62	71	1	1184634454
8	71	1	1189086458
9	71	1	1190330201
9	71	1	1191700901
63	72	1	1135906879
59	72	1	1147195375
64	72	1	1147449380
64	72	1	1147449652
64	72	1	1147603334
64	72	1	1148254016
8	72	1	1189086458
9	72	1	1190330278
9	72	1	1191701912
54	73	1	1109176429
54	73	1	1109176458
65	73	1	1109178213
65	73	1	1109179382
54	73	1	1109180547
66	73	1	1124691287
67	73	1	1135427534
8	73	1	1189086459
9	73	1	1189523741
9	73	1	1189526171
68	74	1	1117921297
69	74	1	1148077344
8	74	1	1189086459
9	74	1	1189523881
9	74	1	1189524732
54	75	1	1109175164
59	75	1	1147200619
8	75	1	1189086459
9	75	1	1189523938
9	75	1	1189525038
54	76	1	1109175110
54	76	1	1109176079
59	76	1	1147183586
8	76	1	1189086459
9	76	1	1189524012
9	76	1	1189525324
54	77	1	1109175025
8	77	1	1189086459
9	77	1	1189524130
9	77	1	1189525477
70	78	1	1129567510
71	78	1	1150403941
72	78	1	1153043940
8	78	1	1189086460
9	78	1	1189524312
9	78	1	1189525725
9	78	1	1189525771
54	79	1	1109254108
73	79	1	1110226237
14	79	1	1127755589
8	79	1	1189086460
20	79	1	1425460529
54	80	1	1109178069
59	80	1	1147202871
8	80	1	1189086460
20	80	1	1425460530
54	81	1	1109177955
59	81	1	1147183923
8	81	1	1189086460
20	81	1	1425460531
54	82	1	1109178074
8	82	1	1189086460
20	82	1	1425460532
74	83	1	1124864714
74	83	1	1124864877
75	83	1	1130331748
75	83	1	1130332228
75	83	1	1132389384
76	83	1	1162032791
77	83	1	1162839209
8	83	1	1189086461
20	83	1	1425460533
78	84	1	1109576700
79	84	1	1125755314
80	84	1	1125911520
80	84	1	1133146812
81	84	1	1137953142
81	84	1	1142762851
8	84	1	1189086461
20	84	1	1425460520
54	85	1	1109177687
59	85	1	1147200568
8	85	1	1189086461
20	85	1	1425460521
54	86	1	1109177581
59	86	1	1147183871
82	86	1	1155764300
82	86	1	1155764422
8	86	1	1189086461
20	86	1	1425460522
54	87	1	1109177626
8	87	1	1189086461
20	87	1	1425460523
81	88	1	1137952818
81	88	1	1137952839
81	88	1	1137954161
81	88	1	1142762829
83	88	1	1143387399
59	88	1	1147195438
8	88	1	1189086462
20	88	1	1425460524
84	89	1	1110088119
8	89	1	1189086462
20	89	1	1425460571
54	90	1	1109527553
54	90	1	1109528799
59	90	1	1147200868
8	90	1	1189086462
20	90	1	1425460572
54	91	1	1109528371
59	91	1	1147184072
8	91	1	1189086462
20	91	1	1425460573
54	92	1	1109528759
8	92	1	1189086462
20	92	1	1425460574
54	93	1	1109180197
54	93	1	1109180343
85	93	1	1109190764
8	93	1	1189086462
20	93	1	1425460468
54	94	1	1109178959
59	94	1	1147201021
8	94	1	1189086462
20	94	1	1425460469
54	95	1	1109179042
59	95	1	1147193388
8	95	1	1189086462
20	95	1	1425460470
54	96	1	1109179120
54	96	1	1109179171
8	96	1	1189086462
20	96	1	1425460474
86	97	1	1111868180
86	97	1	1111868229
8	97	1	1189086462
20	97	1	1425460477
54	98	1	1109417645
87	98	1	1134779193
59	98	1	1147203942
8	98	1	1189086463
20	98	1	1425460478
54	99	1	1109417660
59	99	1	1147194000
8	99	1	1189086463
20	99	1	1425460480
54	100	1	1109418281
8	100	1	1189086463
20	100	1	1425460569
69	101	1	1148718501
69	101	1	1149371523
8	101	1	1189086463
20	101	1	1425460570
54	102	1	1109258685
88	102	1	1112193810
89	102	1	1112527477
89	102	1	1112527491
89	102	1	1112532874
90	102	1	1114620577
91	102	1	1174812511
8	102	1	1189086463
20	102	1	1425460534
54	103	1	1109178743
54	103	1	1109257363
89	103	1	1112527462
89	103	1	1112532875
90	103	1	1114621117
59	103	1	1147203552
92	103	1	1165277229
8	103	1	1189086464
20	103	1	1425460535
54	104	1	1109178678
89	104	1	1112527461
89	104	1	1112532889
90	104	1	1114621501
59	104	1	1147183972
92	104	1	1165277213
8	104	1	1189086464
20	104	1	1425460536
54	105	1	1109179302
89	105	1	1112527458
89	105	1	1112532882
90	105	1	1114621832
92	105	1	1165277197
8	105	1	1189086464
20	105	1	1425460536
93	106	1	1146318051
8	106	1	1189086464
20	106	1	1425460466
94	107	1	1109547339
95	107	1	1114917980
59	107	1	1147147992
59	107	1	1148068656
96	107	1	1164933404
97	107	1	1166132680
97	107	1	1166133645
59	107	1	1166362609
8	107	1	1189086465
20	107	1	1425460574
94	108	1	1109548343
59	108	1	1147200519
8	108	1	1189086465
20	108	1	1425460576
94	109	1	1109549179
59	109	1	1147183706
8	109	1	1189086465
20	109	1	1425460576
94	110	1	1109549381
98	110	1	1111713288
8	110	1	1189086465
20	110	1	1425460577
59	111	1	1147214265
8	111	1	1189086465
20	111	1	1425460587
99	112	1	1111330148
8	112	1	1189086465
20	112	1	1425460606
100	113	1	1114557270
59	113	1	1147200723
8	113	1	1189086465
20	113	1	1425460607
101	114	1	1110250733
59	114	1	1147184190
8	114	1	1189086465
20	114	1	1425460608
100	115	1	1114556996
8	115	1	1189086465
20	115	1	1425460608
102	116	1	1109250261
103	116	1	1111873141
85	116	1	1112304293
64	116	1	1147449455
64	116	1	1147449743
64	116	1	1147449875
64	116	1	1147449994
104	116	1	1153627481
8	116	1	1189086466
20	116	1	1425460610
102	117	1	1109249486
102	117	1	1109249885
103	117	1	1111872764
103	117	1	1111873060
59	117	1	1147200919
8	117	1	1189086466
20	117	1	1425460615
102	118	1	1109249711
102	118	1	1109249915
103	118	1	1111872822
103	118	1	1111873000
59	118	1	1147184022
8	118	1	1189086466
20	118	1	1425460621
102	119	1	1109249848
102	119	1	1109250105
103	119	1	1111872922
103	119	1	1111872955
8	119	1	1189086466
20	119	1	1425460622
105	120	1	1109465967
105	120	1	1109466077
105	120	1	1109467573
106	120	1	1166814381
106	120	1	1166814421
8	120	1	1189086467
20	120	1	1425460588
54	121	1	1109251884
107	121	1	1111587716
49	121	1	1135265984
108	121	1	1137102378
59	121	1	1147201399
8	121	1	1189086467
20	121	1	1425460589
54	122	1	1109251965
49	122	1	1135265986
108	122	1	1137102536
59	122	1	1147194276
106	122	1	1166814291
106	122	1	1166814346
8	122	1	1189086467
20	122	1	1425460590
54	123	1	1109252345
49	123	1	1135265979
108	123	1	1137102601
8	123	1	1189086467
20	123	1	1425460592
108	124	1	1137102699
8	124	1	1189086467
20	124	1	1425460596
109	125	1	1112899083
110	125	1	1116273926
8	125	1	1189086467
20	125	1	1425460524
109	126	1	1112898894
59	126	1	1147200818
8	126	1	1189086468
20	126	1	1425460525
109	127	1	1112898975
59	127	1	1147184245
8	127	1	1189086468
20	127	1	1425460526
109	128	1	1112899037
8	128	1	1189086468
20	128	1	1425460527
111	129	1	1135783812
111	129	1	1135783877
8	129	1	1189086468
20	129	1	1425460528
9	131	1	1189374113
9	132	1	1189370491
9	132	1	1201976555
28	132	1	1221496243
25	132	1	1296920115
25	132	1	1296927244
29	132	1	1434357933
20	132	1	1493237020
9	133	1	1189370875
9	133	1	1198279603
9	134	1	1189371107
112	134	1	1236637142
39	134	1	1238536030
9	135	1	1189363643
9	135	1	1189364886
9	135	1	1201457703
25	135	1	1387742541
20	135	1	1493236974
9	136	1	1189363962
9	136	1	1189364937
9	137	1	1189364469
9	137	1	1189365001
9	138	1	1189364630
9	138	1	1189365056
9	139	1	1189367678
9	140	1	1189368289
9	141	1	1189368055
9	142	1	1189362885
9	142	1	1189382150
9	143	1	1189373646
9	143	1	1189373713
9	143	1	1189390051
20	143	1	1426675309
20	143	1	1499071430
9	144	1	1189391395
9	145	1	1189523741
9	146	1	1189523881
9	147	1	1189523938
9	148	1	1189524012
9	149	1	1189524130
9	150	1	1189524312
9	151	1	1189798144
28	151	1	1221496264
20	151	1	1493237019
9	152	1	1189803052
9	152	1	1198278683
28	152	1	1221496375
9	152	1	1221568039
39	152	1	1237554319
39	152	1	1272746771
113	152	1	1407565370
20	152	1	1458881122
20	152	1	1493236996
9	153	1	1189969571
42	153	1	1323126808
9	153	1	1323128759
20	153	1	1421528398
20	153	1	1425046032
20	153	1	1429299371
20	153	1	1466770546
20	153	1	1499071361
9	154	1	1189970714
28	154	1	1307631854
9	154	1	1307657596
28	154	1	1308034831
28	154	1	1319469423
42	154	1	1323241563
28	154	1	1359107971
20	154	1	1421528378
20	154	1	1425484072
20	154	1	1429299474
20	154	1	1432580741
20	154	1	1442230417
20	154	1	1466770662
20	154	1	1499071361
9	155	1	1189981491
42	155	1	1323286628
9	155	1	1323292128
28	155	1	1327064933
28	155	1	1359107390
28	155	1	1364650988
20	155	1	1421528321
20	155	1	1425484030
20	155	1	1426674205
20	155	1	1428917971
20	155	1	1429299416
20	155	1	1432580646
20	155	1	1434974534
20	155	1	1442230510
20	155	1	1466770491
20	155	1	1499071362
9	156	1	1189990046
42	156	1	1323286948
9	156	1	1323292167
28	156	1	1327424748
28	156	1	1359107771
28	156	1	1364650998
20	156	1	1421528565
20	156	1	1425484049
20	156	1	1429299410
20	156	1	1432580693
20	156	1	1441786046
20	156	1	1466599830
20	156	1	1499071363
9	157	1	1189995337
42	157	1	1323290906
9	157	1	1323292190
28	157	1	1327425008
28	157	1	1364650907
20	157	1	1425046445
20	157	1	1429299329
20	157	1	1432580613
20	157	1	1449579355
20	157	1	1499071365
9	158	1	1189996963
28	158	1	1327064702
9	158	1	1327079577
28	158	1	1359108251
28	158	1	1364651008
20	158	1	1421528271
20	158	1	1425283654
20	158	1	1426674402
20	158	1	1429299424
20	158	1	1432057168
20	158	1	1435216597
20	158	1	1443527471
20	158	1	1466770589
20	158	1	1499071366
9	159	1	1190001691
28	159	1	1308033677
9	159	1	1308040202
28	159	1	1319469593
42	159	1	1323112085
28	159	1	1359108591
20	159	1	1421528518
20	159	1	1425484056
20	159	1	1426674406
20	159	1	1428920820
20	159	1	1432580719
20	159	1	1442492209
20	159	1	1499071360
9	160	1	1190329908
9	161	1	1190329977
9	162	1	1190330054
9	163	1	1190330131
9	164	1	1190330201
9	165	1	1190330278
9	166	1	1190587614
9	167	1	1190587832
9	168	1	1190587972
9	168	1	1201199200
28	168	1	1221496445
20	168	1	1493236971
9	169	1	1190588113
9	170	1	1190588342
9	170	1	1190589326
9	171	1	1190588601
9	172	1	1190588739
9	172	1	1197254152
8	173	1	1190455024
8	173	1	1190455047
114	173	1	1194670871
9	174	1	1190589597
9	174	1	1190589708
12	174	1	1266665730
9	175	1	1190589815
9	176	1	1191729744
28	176	1	1359300936
20	176	1	1421528070
20	176	1	1425285531
20	176	1	1426674512
20	176	1	1426674720
20	176	1	1429299524
20	176	1	1432580784
20	176	1	1442307579
20	176	1	1466600624
20	176	1	1499071368
8	177	1	1184858705
8	177	1	1184858982
8	177	1	1184859443
8	177	1	1184955301
9	177	1	1185416062
8	177	1	1191953513
8	177	1	1191953566
9	177	1	1191978833
8	177	1	1198856789
8	177	1	1198856843
9	177	1	1201373406
20	177	1	1448399639
8	178	1	1184858705
8	178	1	1191953596
8	178	1	1191953631
9	178	1	1191977890
10	179	1	1192125630
8	179	1	1192188928
8	179	1	1192199042
9	179	1	1192247224
9	180	1	1192247743
20	180	1	1426676806
20	180	1	1427727705
20	180	1	1435144819
20	180	1	1445254137
20	180	1	1466771933
20	180	1	1468525343
20	180	1	1491914969
20	180	1	1499071449
8	181	1	1192262353
9	182	1	1192686583
9	183	1	1192687076
9	184	1	1192741617
9	185	1	1192742157
9	186	1	1192742998
17	187	1	1193088700
9	187	1	1193954092
17	187	1	1329614073
9	188	1	1193335383
9	188	1	1193335404
9	189	1	1193950158
20	189	1	1426675295
20	189	1	1499071432
9	190	1	1193950455
20	190	1	1426675287
20	190	1	1499071433
9	191	1	1193950653
20	191	1	1426675281
20	191	1	1499071433
9	192	1	1193950824
20	192	1	1426675191
20	192	1	1499071434
9	193	1	1193951264
20	193	1	1426675181
20	193	1	1499071435
9	194	1	1193953988
11	194	1	1196674480
9	195	1	1193954019
114	196	1	1194670878
115	197	1	1194867747
115	197	1	1217592954
9	198	1	1195433948
115	198	1	1196020961
9	199	1	1198274451
11	200	1	1196674496
62	201	1	1197420866
42	201	1	1356414963
9	202	1	1197438961
44	203	1	1198266563
44	204	1	1198270345
9	204	1	1198271203
9	204	1	1198271469
9	204	1	1198271871
44	204	1	1198278349
44	204	1	1215382858
116	204	1	1235935124
44	204	1	1236246387
9	205	1	1199053351
8	206	1	1199383375
117	207	1	1200262301
9	208	1	1200294076
9	209	1	1201220771
28	209	1	1277151294
9	209	1	1286644322
28	209	1	1319469313
28	209	1	1327064532
28	209	1	1359107571
20	209	1	1421528054
20	209	1	1425286849
20	209	1	1425484096
20	209	1	1426674716
20	209	1	1429299526
20	209	1	1432580790
20	209	1	1442307615
20	209	1	1466600752
20	209	1	1499071369
9	210	1	1201221094
28	210	1	1277151164
9	210	1	1286644437
28	210	1	1307631686
28	210	1	1308035313
28	210	1	1319469553
28	210	1	1327065224
28	210	1	1359108481
20	210	1	1421528001
20	210	1	1425287025
20	210	1	1425484128
20	210	1	1426674992
20	210	1	1428920636
20	210	1	1429299600
20	210	1	1432580855
20	210	1	1439551063
20	210	1	1443185428
20	210	1	1466601938
20	210	1	1471934608
20	210	1	1499071371
9	211	1	1201221294
28	211	1	1320057211
9	211	1	1320057773
28	211	1	1327065644
28	211	1	1359109290
28	211	1	1364651074
20	211	1	1421527942
20	211	1	1425287096
20	211	1	1425484138
20	211	1	1426675013
20	211	1	1427793062
20	211	1	1429014257
20	211	1	1432580832
20	211	1	1441786345
20	211	1	1466601315
20	211	1	1499071372
9	212	1	1201221516
28	212	1	1359107340
28	212	1	1364651036
20	212	1	1421527882
20	212	1	1425484114
20	212	1	1426628900
20	212	1	1428920770
20	212	1	1429299592
20	212	1	1432057134
20	212	1	1441786284
20	212	1	1448633033
20	212	1	1466601237
20	212	1	1499071373
9	213	1	1201221779
28	213	1	1292412067
9	213	1	1292419583
28	213	1	1307633100
28	213	1	1308035836
28	213	1	1319470313
28	213	1	1327066756
28	213	1	1327095228
28	213	1	1359109041
28	213	1	1364651084
20	213	1	1421527838
20	213	1	1424336159
20	213	1	1425287152
20	213	1	1425484140
20	213	1	1426675025
20	213	1	1429000790
20	213	1	1429299587
20	213	1	1432580830
20	213	1	1442492627
20	213	1	1466601157
20	213	1	1475408286
20	213	1	1499071374
9	214	1	1201222242
28	214	1	1310747000
9	214	1	1310756948
42	214	1	1323291354
28	214	1	1359109071
28	214	1	1364651065
20	214	1	1421528222
20	214	1	1424336296
20	214	1	1425040346
20	214	1	1426574330
20	214	1	1427793462
20	214	1	1429299594
20	214	1	1432580847
20	214	1	1439281227
20	214	1	1446209945
20	214	1	1499071367
9	215	1	1201372858
9	216	1	1201975821
9	216	1	1201977138
112	216	1	1236637450
39	216	1	1238539219
25	216	1	1387748356
20	216	1	1493236998
9	217	1	1202517403
25	219	1	1387737884
29	219	1	1435612210
20	219	1	1493236907
9	220	1	1204471641
9	220	1	1204472044
9	220	1	1209161796
118	220	1	1340324887
25	220	1	1387737897
20	220	1	1493236898
20	223	1	1493237018
28	226	1	1221496253
20	226	1	1493237019
25	227	1	1387746397
26	227	1	1467102891
20	227	1	1493236986
39	229	1	1266500611
39	229	1	1279178614
25	229	1	1387746370
29	229	1	1449177961
20	229	1	1493236987
28	236	1	1221496415
20	236	1	1493236972
12	237	1	1262696724
20	237	1	1493236970
20	238	1	1493236974
119	239	1	1211059596
39	239	1	1237983703
39	239	1	1248401121
39	239	1	1254196212
118	239	1	1323018790
29	239	1	1436036864
26	239	1	1467102647
20	239	1	1493236972
28	240	1	1221496395
20	240	1	1493236973
20	241	1	1493236974
8	242	1	1414707375
20	242	1	1493236973
28	243	1	1221496425
20	243	1	1493236971
9	244	1	1202855288
9	245	1	1203181032
9	246	1	1203733845
9	247	1	1209160990
9	247	1	1209161085
120	249	1	1206295380
120	250	1	1206295385
121	251	1	1206611728
9	252	1	1207605459
9	252	1	1207608225
9	252	1	1207621621
122	252	1	1216661715
20	252	1	1479910432
9	253	1	1207882288
25	254	1	1319541675
25	254	1	1387737888
123	254	1	1423708986
29	254	1	1435385201
20	254	1	1493236903
124	257	1	1208430584
125	257	1	1314707888
126	257	1	1338935719
126	257	1	1338936802
124	258	1	1208432323
9	258	1	1208480213
125	258	1	1314707888
126	258	1	1338935733
124	259	1	1208435741
124	259	1	1215780761
127	259	1	1218629191
126	259	1	1338916673
126	259	1	1338917910
126	260	1	1208441718
127	260	1	1218629192
126	260	1	1323214678
126	261	1	1208441732
127	261	1	1218629192
22	262	1	1208501549
9	263	1	1208920109
9	264	1	1208923429
9	265	1	1208923548
128	266	1	1211059529
128	267	1	1211059792
9	268	1	1211068551
129	269	1	1212221066
9	270	1	1212412140
130	271	1	1213748474
130	271	1	1213814831
130	271	1	1261737744
130	271	1	1293369770
130	271	1	1336427214
130	271	1	1372518009
9	272	1	1213892663
130	272	1	1214155485
44	273	1	1215382783
44	274	1	1215382810
44	275	1	1215382976
9	275	1	1215548066
9	275	1	1215550144
9	275	1	1215550488
9	275	1	1215551898
9	275	1	1215553389
131	275	1	1233672392
131	275	1	1233672435
8	275	1	1234030878
9	275	1	1234616181
116	275	1	1235929975
116	275	1	1235935156
132	275	1	1292598641
132	275	1	1292598650
9	275	1	1293205419
133	275	1	1293706993
134	275	1	1319730458
9	275	1	1319738781
135	275	1	1321626933
136	275	1	1361372733
8	275	1	1361525564
9	275	1	1361759497
8	275	1	1362572710
20	275	1	1448310022
137	275	1	1466017318
9	275	1	1466018820
20	275	1	1472205392
9	276	1	1215548848
9	276	1	1215552206
9	276	1	1215552716
28	276	1	1231507096
28	276	1	1235311922
28	276	1	1244313392
28	276	1	1277537985
28	276	1	1364651215
20	276	1	1417005061
20	276	1	1466773307
20	276	1	1479910412
20	276	1	1499071462
127	278	1	1218629191
127	279	1	1218629192
127	280	1	1218629192
126	280	1	1323214692
28	281	1	1221035843
28	282	1	1221035852
9	283	1	1221567589
44	283	1	1222497210
20	283	1	1500545584
138	284	1	1223027761
17	285	1	1225176692
139	286	1	1225326559
17	287	1	1225350655
139	288	1	1225381642
139	289	1	1225388882
139	290	1	1225389652
139	290	1	1226323442
17	291	1	1225416311
17	292	1	1225437961
139	293	1	1225442863
139	294	1	1225442892
139	295	1	1225465085
139	295	1	1225576575
139	295	1	1225592512
139	295	1	1225603188
139	295	1	1225662100
139	295	1	1225685665
139	295	1	1225735877
139	295	1	1225779460
139	295	1	1225844168
139	295	1	1225866271
139	295	1	1226018420
139	295	1	1226384259
139	295	1	1226504705
139	295	1	1227108971
139	295	1	1227882670
139	295	1	1229418912
139	295	1	1230237341
139	295	1	1230244594
139	295	1	1230773164
139	295	1	1231594056
139	295	1	1232073699
139	295	1	1232478436
139	295	1	1232486320
139	295	1	1233061840
139	295	1	1233103991
139	295	1	1233128842
139	295	1	1233215333
139	295	1	1233559884
139	295	1	1234456430
139	295	1	1234955688
139	295	1	1235331501
139	295	1	1235500528
139	295	1	1236131319
139	295	1	1237343028
139	295	1	1238050169
139	295	1	1238077098
139	295	1	1238722896
139	295	1	1240466676
17	296	1	1225533388
38	296	1	1234466222
17	297	1	1225588048
17	298	1	1225684514
17	299	1	1225775537
17	300	1	1225864913
8	300	1	1377021926
8	300	1	1409073127
139	301	1	1225936400
139	301	1	1226294777
139	302	1	1225947552
139	302	1	1226284290
139	303	1	1225966103
139	303	1	1226314346
139	304	1	1226243387
122	305	1	1226487050
122	306	1	1226497241
17	307	1	1226548442
17	308	1	1227256887
17	309	1	1227887956
17	310	1	1234153694
17	311	1	1234569129
140	312	1	1234656769
17	312	1	1264916903
17	313	1	1235278265
17	314	1	1235282095
116	315	1	1235930017
116	316	1	1235930001
116	317	1	1235934761
12	317	1	1265820575
31	317	1	1351958489
131	318	1	1235988732
9	319	1	1236963057
139	320	1	1237306475
39	321	1	1237553888
39	321	1	1254195486
118	321	1	1322962660
17	322	1	1237618840
17	323	1	1239509582
17	324	1	1239581434
17	325	1	1239585855
17	326	1	1240010870
17	327	1	1240018843
17	328	1	1240086774
17	329	1	1240090826
141	330	1	1242924138
142	331	1	1246039678
9	331	1	1246046706
125	331	1	1274371011
143	331	1	1444904588
3	331	1	1445478821
142	332	1	1246039685
144	332	1	1284204229
142	333	1	1246039689
144	333	1	1284204238
145	334	1	1248115633
17	335	1	1251841575
17	336	1	1252738351
17	337	1	1252746991
17	338	1	1252818516
146	339	1	1256688154
147	340	1	1256852971
148	341	1	1259169700
149	342	1	1260069778
17	343	1	1264238592
17	344	1	1264293103
17	345	1	1264390570
121	346	1	1264401711
17	347	1	1264468684
17	348	1	1264474380
17	349	1	1264553239
17	350	1	1264722600
17	351	1	1264733353
17	352	1	1264920108
17	353	1	1264922634
17	354	1	1264924266
12	355	1	1265806243
12	355	1	1265806283
39	355	1	1265810699
39	355	1	1287265721
39	355	1	1289039510
40	355	1	1321591605
118	355	1	1323016175
25	355	1	1325472290
25	355	1	1337530906
29	355	1	1358129078
25	355	1	1387738995
29	355	1	1435382911
150	355	1	1469940852
26	355	1	1480534081
20	355	1	1493236953
12	356	1	1265806403
39	356	1	1265813384
25	356	1	1387738994
20	356	1	1493236954
12	357	1	1265806467
39	357	1	1265821312
39	357	1	1272991791
25	357	1	1296338626
25	357	1	1335194484
25	357	1	1387753618
20	357	1	1493237013
12	358	1	1265806535
39	358	1	1265810564
20	358	1	1493237012
12	359	1	1265806574
39	359	1	1265879731
25	359	1	1387739173
20	359	1	1493236944
12	360	1	1265806624
39	360	1	1265945053
25	360	1	1336093786
25	360	1	1387747398
20	360	1	1493236992
12	361	1	1265806684
39	361	1	1266042091
150	361	1	1481012938
20	361	1	1493236907
12	362	1	1265806733
39	362	1	1265880096
12	363	1	1265806793
39	363	1	1265879951
25	363	1	1387741438
29	363	1	1438214765
150	363	1	1476068414
20	363	1	1493236966
12	364	1	1265806863
12	364	1	1265808312
39	364	1	1265992847
12	365	1	1265806906
39	365	1	1266306945
12	366	1	1265806958
39	366	1	1265879811
12	367	1	1265806994
39	367	1	1265879941
118	367	1	1340334127
20	367	1	1493237014
12	368	1	1265807040
39	368	1	1266484057
12	368	1	1269249670
12	368	1	1269249712
118	368	1	1340326865
25	368	1	1387741454
113	368	1	1443912951
26	368	1	1467102439
150	368	1	1487891688
20	368	1	1493236966
12	369	1	1265807075
39	369	1	1265879831
12	369	1	1266664463
12	369	1	1266664522
12	369	1	1266664561
39	369	1	1270094314
20	369	1	1493236977
12	370	1	1265807135
39	370	1	1265880202
12	370	1	1269960376
12	370	1	1269960488
12	370	1	1269960516
39	370	1	1287982336
25	370	1	1324792356
29	370	1	1374546390
25	370	1	1387741390
29	370	1	1434954366
113	370	1	1443954744
20	370	1	1493236968
12	371	1	1265807174
39	371	1	1265931755
12	371	1	1269251609
39	371	1	1275774704
25	371	1	1329842096
20	371	1	1493236964
12	372	1	1265807232
39	372	1	1266245501
20	372	1	1493236976
12	373	1	1265807772
12	373	1	1265807811
12	373	1	1265807894
39	373	1	1265880185
12	374	1	1265807954
39	374	1	1265880061
12	375	1	1265808034
12	375	1	1265808065
39	375	1	1266502364
12	376	1	1265808133
39	376	1	1265880191
12	376	1	1268665933
39	376	1	1279780932
150	376	1	1469940910
12	377	1	1265808198
39	377	1	1265880196
12	378	1	1265808260
39	378	1	1266318539
12	379	1	1265808356
12	379	1	1265808388
39	379	1	1265989353
46	379	1	1448013948
12	380	1	1265808445
39	380	1	1265880416
39	380	1	1278651160
25	380	1	1296920105
25	380	1	1296974052
25	380	1	1325446809
25	380	1	1386597000
29	380	1	1433223682
29	380	1	1448776902
150	380	1	1480219646
150	380	1	1490405924
20	380	1	1493236944
12	381	1	1265808544
12	381	1	1265818880
39	381	1	1266002695
25	381	1	1334683298
25	381	1	1387741387
26	381	1	1488240066
20	381	1	1493236969
12	382	1	1265808608
39	382	1	1265880186
12	383	1	1265808689
39	383	1	1265838685
25	383	1	1322158345
118	383	1	1323022775
118	383	1	1324220801
25	383	1	1325538893
25	383	1	1335864889
29	383	1	1367421118
25	383	1	1387747420
150	383	1	1469941186
150	383	1	1472985498
150	383	1	1490576366
20	383	1	1493236991
12	384	1	1265808739
39	384	1	1265932119
25	384	1	1387748395
150	384	1	1489487220
20	384	1	1493236995
12	385	1	1265808791
39	385	1	1266027291
12	386	1	1265808831
39	386	1	1265890796
12	387	1	1265808872
39	387	1	1266319417
12	388	1	1265808921
39	388	1	1265879916
39	388	1	1272835839
25	388	1	1301143139
20	388	1	1493237010
12	389	1	1265808972
39	389	1	1265880146
12	390	1	1265809020
39	390	1	1265880041
12	391	1	1265809074
39	391	1	1265880081
12	392	1	1265809137
39	392	1	1265879961
25	392	1	1387746373
20	392	1	1493236986
12	393	1	1265809187
39	393	1	1265941927
12	393	1	1266665596
12	393	1	1266665947
12	393	1	1266666006
12	393	1	1266666452
12	393	1	1266669885
12	394	1	1265809239
39	394	1	1266489267
12	395	1	1265809289
39	395	1	1265936895
25	395	1	1332066038
20	395	1	1493236948
12	396	1	1265809332
12	396	1	1265809348
39	396	1	1265983146
150	396	1	1481010018
20	396	1	1493236952
12	397	1	1265809427
39	397	1	1266001099
12	398	1	1265809469
39	398	1	1266015811
12	399	1	1265809510
39	399	1	1266273466
12	400	1	1265809556
39	400	1	1265833644
20	400	1	1493237003
12	401	1	1265809608
39	401	1	1265836185
25	401	1	1387752739
150	401	1	1482035935
20	401	1	1493237003
12	402	1	1265809651
39	402	1	1265879791
12	403	1	1265809693
39	403	1	1266500721
12	403	1	1269964590
12	404	1	1265809739
39	404	1	1265833635
39	404	1	1272323627
25	404	1	1301516653
25	404	1	1317135196
118	404	1	1323025623
25	404	1	1324397869
25	404	1	1387753664
29	404	1	1436588254
29	404	1	1447506844
26	404	1	1467103584
20	404	1	1493237012
12	405	1	1265809781
39	405	1	1265839100
25	405	1	1387747401
20	405	1	1493236992
12	406	1	1265809820
39	406	1	1265836825
39	406	1	1282932999
39	406	1	1288004135
25	406	1	1301143108
40	406	1	1337093903
25	406	1	1387752742
26	406	1	1467103443
20	406	1	1493237003
12	407	1	1265809863
39	407	1	1265880006
12	408	1	1265809912
39	408	1	1265880266
25	408	1	1336303305
26	408	1	1467102750
20	408	1	1493236982
12	409	1	1265809950
39	409	1	1265838950
25	409	1	1325531222
26	409	1	1467102901
150	409	1	1490422872
20	409	1	1493236985
12	410	1	1265809996
39	410	1	1266321344
26	410	1	1467103198
20	410	1	1493236996
12	411	1	1265810033
39	411	1	1266001535
12	412	1	1265810089
39	412	1	1265837640
39	412	1	1278856036
39	412	1	1279895955
39	412	1	1285153505
25	412	1	1296208995
25	412	1	1304072437
28	412	1	1304878644
118	412	1	1323019964
25	412	1	1323423916
40	412	1	1334331991
40	412	1	1334705681
29	412	1	1376126049
25	412	1	1387745384
25	412	1	1388678680
29	412	1	1420176951
29	412	1	1440913948
29	412	1	1450957613
20	412	1	1464193206
20	412	1	1466665165
26	412	1	1469004732
20	412	1	1493236980
12	413	1	1265810134
39	413	1	1265835355
39	413	1	1271048437
39	413	1	1285598646
39	413	1	1288883727
29	413	1	1375975298
25	413	1	1387741381
26	413	1	1467102657
150	413	1	1483021445
20	413	1	1493236970
12	414	1	1265810182
39	414	1	1265834756
39	414	1	1268442045
39	414	1	1281317452
39	414	1	1288615839
25	414	1	1292625505
25	414	1	1304101133
40	414	1	1321591885
118	414	1	1323016375
118	414	1	1324355459
25	414	1	1324680950
25	414	1	1325452843
118	414	1	1344078668
29	414	1	1347707609
29	414	1	1350700647
29	414	1	1353239308
29	414	1	1356138977
25	414	1	1386601297
113	414	1	1392916226
29	414	1	1435779031
29	414	1	1450808896
26	414	1	1487610157
20	414	1	1493236949
12	415	1	1265810220
39	415	1	1265836685
39	415	1	1288160390
25	415	1	1300304248
25	415	1	1305167953
40	415	1	1321591815
25	415	1	1324685809
25	415	1	1331335253
29	415	1	1348000195
118	415	1	1354165767
25	415	1	1387739047
29	415	1	1435470825
20	415	1	1493236950
12	416	1	1265810301
12	416	1	1265821155
12	416	1	1265821324
12	416	1	1265821364
39	416	1	1266287258
12	417	1	1265810349
39	417	1	1265838810
39	417	1	1282856513
39	417	1	1288073655
118	417	1	1323017653
29	417	1	1348415995
25	417	1	1387741465
20	417	1	1493236965
12	418	1	1265810414
39	418	1	1265880086
12	419	1	1265810465
39	419	1	1265879717
12	420	1	1265810512
39	420	1	1266316117
25	420	1	1387741382
20	420	1	1458389339
20	420	1	1493236970
12	421	1	1265810565
39	421	1	1265880051
12	422	1	1265810685
39	422	1	1265880265
25	422	1	1337530869
25	422	1	1387739076
29	422	1	1444746534
29	422	1	1491618791
20	422	1	1493236947
12	423	1	1265810727
39	423	1	1265947967
25	423	1	1387738987
20	423	1	1493236954
12	424	1	1265810764
39	424	1	1265835745
113	424	1	1442060099
150	424	1	1481003395
20	424	1	1493236968
12	425	1	1265810843
39	425	1	1265879971
150	425	1	1490971544
20	425	1	1493236948
12	426	1	1265810923
12	426	1	1265963378
39	426	1	1266307270
150	426	1	1473036350
20	426	1	1493236993
12	427	1	1265810967
12	427	1	1265810988
39	427	1	1266025532
12	428	1	1265811054
39	428	1	1265985601
26	428	1	1467102307
20	428	1	1493236959
12	429	1	1265811095
39	429	1	1265836361
39	429	1	1279897166
25	429	1	1320152821
25	429	1	1387747448
26	429	1	1467103076
20	429	1	1493236988
12	430	1	1265811153
39	430	1	1265880251
12	431	1	1265811198
39	431	1	1265912430
25	431	1	1387748392
150	431	1	1481003435
20	431	1	1493236995
12	432	1	1265811246
39	432	1	1265880291
12	433	1	1265811292
39	433	1	1266483132
12	434	1	1265811343
39	434	1	1266274936
12	435	1	1265811385
39	435	1	1266042375
12	436	1	1265811433
39	436	1	1265880238
12	437	1	1265811485
39	437	1	1266040580
12	438	1	1265811521
39	438	1	1265837205
39	438	1	1287800691
29	438	1	1441549456
29	438	1	1459710972
20	438	1	1493237017
12	439	1	1265811557
39	439	1	1266023662
12	440	1	1265811598
39	440	1	1265917539
12	441	1	1265811640
39	441	1	1265880116
12	442	1	1265811686
39	442	1	1265835676
20	442	1	1493236948
12	443	1	1265811750
39	443	1	1265932224
12	444	1	1265811797
39	444	1	1265996767
12	445	1	1265811854
39	445	1	1265879821
12	446	1	1265811919
39	446	1	1265912450
12	447	1	1265811971
39	447	1	1265880226
12	448	1	1265812011
39	448	1	1266005058
12	449	1	1265812060
39	449	1	1265880286
25	449	1	1387740232
113	449	1	1401228812
113	449	1	1407449778
20	449	1	1493236958
12	450	1	1265812099
39	450	1	1266275157
12	451	1	1265812136
39	451	1	1265879931
12	452	1	1265812176
39	452	1	1265837780
25	452	1	1387740220
26	452	1	1467102276
20	452	1	1493236960
12	453	1	1265812223
39	453	1	1266035845
12	454	1	1265812301
39	454	1	1265880156
12	454	1	1269250755
12	454	1	1269250829
12	454	1	1269250876
12	455	1	1265812338
39	455	1	1265879886
12	455	1	1269250389
12	456	1	1265812391
39	456	1	1265879841
12	456	1	1269250149
12	456	1	1269250209
12	457	1	1265812439
39	457	1	1265839500
39	457	1	1287096064
39	457	1	1289082679
25	457	1	1292626765
25	457	1	1308655442
118	457	1	1323019844
25	457	1	1324778094
25	457	1	1327441916
29	457	1	1347820352
29	457	1	1357880437
29	457	1	1365623962
29	457	1	1436068123
26	457	1	1485097330
20	457	1	1493236981
12	458	1	1265812476
39	458	1	1265835186
26	458	1	1467101959
150	458	1	1481010010
29	458	1	1491207230
20	458	1	1493236905
12	459	1	1265812538
39	459	1	1265880246
151	459	1	1436702343
12	460	1	1265812611
39	460	1	1265879981
12	461	1	1265812728
39	461	1	1265833674
25	461	1	1387747404
20	461	1	1493236992
12	462	1	1265812798
39	462	1	1266477618
12	463	1	1265812865
39	463	1	1265879921
12	464	1	1265812906
39	464	1	1265880112
12	465	1	1265812972
39	465	1	1266015889
26	465	1	1467103594
20	465	1	1493237010
12	466	1	1265813037
39	466	1	1265879756
12	467	1	1265813089
39	467	1	1266236726
12	468	1	1265813160
39	468	1	1265879721
12	469	1	1265813218
39	469	1	1265835210
39	469	1	1267908922
39	469	1	1269617492
25	469	1	1304364231
25	469	1	1314598859
28	469	1	1339013404
29	469	1	1348748708
29	469	1	1370005801
29	469	1	1374500203
29	469	1	1374901491
25	469	1	1386532462
29	469	1	1429634286
29	469	1	1438702092
26	469	1	1468709600
150	469	1	1474700523
29	469	1	1487477494
20	469	1	1493236906
12	470	1	1265813326
12	470	1	1265813355
39	470	1	1266223728
12	471	1	1265813398
39	471	1	1265837035
25	471	1	1325733310
25	471	1	1387747376
29	471	1	1436046200
26	471	1	1467103208
20	471	1	1493236994
12	472	1	1265813468
39	472	1	1265889090
12	473	1	1265813546
39	473	1	1266272430
12	474	1	1265813592
39	474	1	1265833219
39	474	1	1273813922
25	474	1	1331202194
152	474	1	1421727911
20	474	1	1493236906
12	475	1	1265813646
39	475	1	1265833919
39	475	1	1274812329
39	475	1	1275944249
25	475	1	1292625491
25	475	1	1297961944
40	475	1	1321591695
25	475	1	1324724667
25	475	1	1325487368
29	475	1	1360763679
25	475	1	1387739016
29	475	1	1464628944
20	475	1	1493236952
12	476	1	1265813693
39	476	1	1265988072
12	477	1	1265813737
39	477	1	1265833604
25	477	1	1331202069
20	477	1	1493236987
12	478	1	1265813790
39	478	1	1265879996
12	479	1	1265813832
39	479	1	1265836060
39	479	1	1269712428
39	479	1	1270663813
39	479	1	1278024663
25	479	1	1307080761
118	479	1	1323021333
25	479	1	1334998423
29	479	1	1347779838
29	479	1	1376213319
29	479	1	1420205764
29	479	1	1440954374
29	479	1	1446839698
20	479	1	1464214267
20	479	1	1493236984
12	480	1	1265813876
39	480	1	1265838740
25	480	1	1387753685
20	480	1	1493237010
12	481	1	1265813933
39	481	1	1265846622
39	481	1	1266976117
39	481	1	1268613384
39	481	1	1274899444
39	481	1	1277644758
25	481	1	1304245922
40	481	1	1321590568
25	481	1	1325035281
25	481	1	1335007409
29	481	1	1347733656
29	481	1	1354750182
113	481	1	1395648386
20	481	1	1493236903
12	482	1	1265813973
39	482	1	1265835580
25	482	1	1334676772
25	482	1	1387753677
20	482	1	1493237012
12	483	1	1265814015
39	483	1	1265879851
12	484	1	1265814052
39	484	1	1265938779
12	485	1	1265814092
39	485	1	1265880260
12	486	1	1265814166
12	486	1	1268668230
26	486	1	1467103087
20	486	1	1493236988
12	487	1	1265814214
39	487	1	1265879766
12	487	1	1268667110
12	487	1	1268667181
12	487	1	1268667258
12	487	1	1268667359
12	487	1	1268667465
12	487	1	1268667550
12	487	1	1268667778
25	487	1	1331205768
20	487	1	1493236984
12	488	1	1265814253
39	488	1	1265880016
12	489	1	1265814290
39	489	1	1265879836
12	490	1	1265814337
39	490	1	1265932975
12	491	1	1265814380
39	491	1	1265879772
12	492	1	1265814430
39	492	1	1266225874
12	493	1	1265814482
39	493	1	1265833904
39	493	1	1272237902
39	493	1	1279902742
39	493	1	1285985459
25	493	1	1292627037
25	493	1	1304101536
118	493	1	1323021313
118	493	1	1324161352
40	493	1	1341617227
29	493	1	1350910663
29	493	1	1351701759
29	493	1	1357444795
29	493	1	1359136003
118	493	1	1362012608
25	493	1	1387746403
29	493	1	1435555657
29	493	1	1445245669
150	493	1	1475191123
20	493	1	1493236984
12	494	1	1265814521
39	494	1	1265836420
39	494	1	1269844806
25	494	1	1297004372
25	494	1	1300095088
29	494	1	1356266236
25	494	1	1387739183
29	494	1	1435638846
26	494	1	1487981479
20	494	1	1493236943
12	495	1	1265814588
39	495	1	1265880231
12	496	1	1265814629
39	496	1	1265833539
39	496	1	1287984615
118	496	1	1340325788
29	496	1	1376639118
29	496	1	1438152361
150	496	1	1482035900
150	496	1	1487855579
20	496	1	1493236957
12	497	1	1265814683
39	497	1	1265879861
12	498	1	1265814724
39	498	1	1265880216
12	499	1	1265814786
39	499	1	1265833999
39	499	1	1274444979
25	499	1	1387739118
150	499	1	1490412096
20	499	1	1493236947
12	500	1	1265814821
39	500	1	1266290082
12	501	1	1265814875
39	501	1	1265836965
39	501	1	1282838194
39	501	1	1287981334
25	501	1	1300793897
25	501	1	1329903330
29	501	1	1348154027
25	501	1	1387741529
29	501	1	1445154116
26	501	1	1467102479
150	501	1	1469940966
20	501	1	1493236963
12	502	1	1265814911
39	502	1	1266483532
12	503	1	1265814954
39	503	1	1265879776
12	504	1	1265814991
39	504	1	1265880011
12	505	1	1265815040
39	505	1	1265880131
12	506	1	1265815085
39	506	1	1266040800
12	507	1	1265815119
39	507	1	1265880176
12	508	1	1265815207
39	508	1	1266218301
12	509	1	1265815253
39	509	1	1265879801
12	510	1	1265815309
39	510	1	1265894448
12	511	1	1265815353
39	511	1	1265879882
12	512	1	1265815399
39	512	1	1265879786
12	513	1	1265815442
39	513	1	1265879806
12	513	1	1269967819
12	514	1	1265815480
39	514	1	1265995085
12	514	1	1269967874
12	515	1	1265815526
39	515	1	1265879901
12	516	1	1265815570
39	516	1	1265880076
12	517	1	1265815614
39	517	1	1265918261
12	518	1	1265815649
39	518	1	1266271995
12	519	1	1265815725
39	519	1	1266482365
12	520	1	1265815782
39	520	1	1265925759
12	521	1	1265815834
39	521	1	1266003258
12	522	1	1265815885
39	522	1	1265879986
12	523	1	1265815921
39	523	1	1266230865
12	524	1	1265816066
39	524	1	1265879906
12	525	1	1265816108
39	525	1	1265838200
12	525	1	1269249168
39	525	1	1281879363
25	525	1	1294780421
25	525	1	1329128489
25	525	1	1387748388
26	525	1	1467103188
20	525	1	1493236996
12	526	1	1265816156
39	526	1	1266473983
39	526	1	1282932365
20	526	1	1493237005
12	527	1	1265816200
39	527	1	1265893588
12	528	1	1265816244
39	528	1	1265880161
12	529	1	1265816290
39	529	1	1265880281
12	530	1	1265816389
39	530	1	1273797959
118	530	1	1323021213
20	530	1	1493236985
12	531	1	1265816434
39	531	1	1265880126
26	531	1	1467102599
150	531	1	1489043417
20	531	1	1493236978
12	532	1	1265816473
39	532	1	1265918536
12	533	1	1265816511
39	533	1	1266328374
26	533	1	1467103413
20	533	1	1493237006
12	534	1	1265816578
39	534	1	1266290677
12	535	1	1265816642
39	535	1	1266226699
12	536	1	1265816682
39	536	1	1266497178
12	537	1	1265816732
39	537	1	1265880026
12	538	1	1265816780
39	538	1	1265880211
12	539	1	1265816826
39	539	1	1266493741
12	540	1	1265816863
39	540	1	1266021426
12	541	1	1265816896
39	541	1	1266319927
12	542	1	1265816933
39	542	1	1265930635
12	543	1	1265816966
39	543	1	1265834731
39	543	1	1275959937
39	543	1	1281730998
25	543	1	1292625669
40	543	1	1321591956
29	543	1	1370264526
25	543	1	1387739082
29	543	1	1433296785
29	543	1	1464444515
26	543	1	1475181314
20	543	1	1493236947
12	544	1	1265817010
39	544	1	1265879896
12	545	1	1265817052
39	545	1	1265879936
12	546	1	1265817117
39	546	1	1265879976
12	547	1	1265817199
39	547	1	1265839120
25	547	1	1331952617
118	547	1	1340327014
26	547	1	1482673919
20	547	1	1493236963
12	548	1	1265817248
39	548	1	1265879872
12	549	1	1265817309
39	549	1	1265836795
39	549	1	1269537601
39	549	1	1282677250
25	549	1	1319186588
29	549	1	1373888112
29	549	1	1438839788
20	549	1	1493236955
12	550	1	1265817353
39	550	1	1265836810
39	550	1	1267811266
39	550	1	1273857876
39	550	1	1281558499
39	550	1	1288538966
25	550	1	1296101442
25	550	1	1307070559
118	550	1	1323018760
25	550	1	1324115863
118	550	1	1329602350
29	550	1	1347804418
29	550	1	1353407889
29	550	1	1356221097
29	550	1	1362002561
29	550	1	1367725198
42	550	1	1368935264
29	550	1	1377119187
25	550	1	1386609609
29	550	1	1435903775
29	550	1	1438928391
29	550	1	1439606911
29	550	1	1439747162
113	550	1	1440692559
29	550	1	1446816087
20	550	1	1458420725
20	550	1	1464162926
20	550	1	1474673727
20	550	1	1493236975
12	551	1	1265817390
39	551	1	1265834185
39	551	1	1267752726
25	551	1	1387745268
20	551	1	1493236982
12	552	1	1265817449
39	552	1	1265834024
39	552	1	1277773617
39	552	1	1279722875
39	552	1	1279859766
39	552	1	1280952295
39	552	1	1285192415
28	552	1	1304968587
118	552	1	1323019854
25	552	1	1324778383
29	552	1	1348126369
29	552	1	1350900314
25	552	1	1387052113
29	552	1	1434115587
29	552	1	1439382196
29	552	1	1439622962
29	552	1	1439746298
29	552	1	1446830374
20	552	1	1458451601
20	552	1	1464194379
29	552	1	1465636557
20	552	1	1493236981
12	553	1	1265817485
39	553	1	1265838059
39	553	1	1270125576
25	553	1	1305901034
29	553	1	1348439718
29	553	1	1369595225
29	553	1	1436056758
26	553	1	1467102619
20	553	1	1493236976
12	554	1	1265817527
39	554	1	1265836100
39	554	1	1266770161
39	554	1	1278169794
39	554	1	1283203038
39	554	1	1285141296
25	554	1	1292627032
25	554	1	1296222272
25	554	1	1300998006
28	554	1	1302288554
118	554	1	1323021073
29	554	1	1347792815
29	554	1	1351283566
29	554	1	1367282341
29	554	1	1376103506
29	554	1	1420262878
113	554	1	1422899294
29	554	1	1433996148
26	554	1	1486868437
26	554	1	1488300585
20	554	1	1493236986
12	555	1	1265817559
39	555	1	1265836485
25	555	1	1387749322
20	555	1	1493237001
12	556	1	1265817605
39	556	1	1265833769
20	556	1	1493237015
12	557	1	1265817641
39	557	1	1265880151
12	558	1	1265817681
39	558	1	1265879751
25	558	1	1292626393
25	558	1	1325517156
25	558	1	1387742526
29	558	1	1452495797
29	558	1	1488402836
20	558	1	1493236976
12	559	1	1265817717
39	559	1	1266270134
12	560	1	1265817780
39	560	1	1266230765
25	560	1	1387747433
20	560	1	1493236989
12	561	1	1265817820
39	561	1	1265992727
12	562	1	1265817868
39	562	1	1266230541
12	563	1	1265817911
39	563	1	1265835635
25	563	1	1387739061
29	563	1	1492047255
20	563	1	1493236949
12	564	1	1265817960
39	564	1	1266477703
12	565	1	1265818042
39	565	1	1265838120
20	565	1	1493236998
12	566	1	1265818089
39	566	1	1265833704
39	566	1	1273554093
20	566	1	1493236982
12	567	1	1265818133
39	567	1	1265879866
12	568	1	1265818173
39	568	1	1265837990
25	568	1	1300521433
113	568	1	1400091067
26	568	1	1489839075
20	568	1	1493236951
12	569	1	1265818233
39	569	1	1265836500
40	569	1	1321592065
118	569	1	1323016723
118	569	1	1340325938
29	569	1	1356447795
29	569	1	1367591380
29	569	1	1435687691
29	569	1	1439737875
20	569	1	1493236946
12	570	1	1265818328
39	570	1	1265880221
12	571	1	1265818383
39	571	1	1265931139
12	572	1	1265818436
39	572	1	1265833472
25	572	1	1387741435
20	572	1	1493236967
12	573	1	1265818483
12	573	1	1265818500
39	573	1	1265834392
20	573	1	1493236980
12	574	1	1265818544
39	574	1	1266475511
12	575	1	1265818663
39	575	1	1265946907
12	575	1	1266829930
12	576	1	1265818709
39	576	1	1266324005
12	576	1	1266829642
12	576	1	1266829706
12	577	1	1265818753
39	577	1	1265880046
12	578	1	1265818793
39	578	1	1265880274
12	578	1	1266829189
12	578	1	1266829240
12	579	1	1265818846
39	579	1	1266333387
12	580	1	1265818978
39	580	1	1266237798
12	581	1	1265819020
39	581	1	1265834766
39	581	1	1271875914
39	581	1	1275265411
39	581	1	1286221581
39	581	1	1289100525
118	581	1	1323023692
25	581	1	1324331797
25	581	1	1325741736
40	581	1	1337094809
29	581	1	1350572866
29	581	1	1358892834
29	581	1	1374397765
25	581	1	1387748371
29	581	1	1436036337
20	581	1	1464783094
26	581	1	1488496875
20	581	1	1493236997
12	582	1	1265821221
39	582	1	1265880121
12	583	1	1265821324
12	584	1	1265961246
12	585	1	1265961295
39	585	1	1265982388
113	585	1	1438260232
20	585	1	1493237017
12	586	1	1265961339
39	586	1	1265982368
39	586	1	1268929142
118	586	1	1323021053
40	586	1	1336737783
118	586	1	1340330574
29	586	1	1349410902
29	586	1	1353488908
118	586	1	1360036408
29	586	1	1367916791
42	586	1	1368983498
29	586	1	1370160333
29	586	1	1436122876
29	586	1	1437467022
113	586	1	1443965868
29	586	1	1465694630
26	586	1	1485158447
20	586	1	1493236988
12	587	1	1265961377
39	587	1	1265982128
39	587	1	1282836989
26	587	1	1467103463
26	587	1	1487380736
20	587	1	1493237002
12	588	1	1265961424
12	589	1	1265961494
12	589	1	1266662866
12	589	1	1266663145
12	589	1	1266663231
12	589	1	1266663342
12	589	1	1266663561
12	589	1	1266663751
12	589	1	1266663883
12	589	1	1266663950
12	590	1	1265961539
12	591	1	1265961589
39	591	1	1271324847
20	591	1	1493236983
12	592	1	1265961632
12	593	1	1265961725
12	594	1	1265961793
12	595	1	1265961852
12	596	1	1265961905
12	597	1	1265961942
12	598	1	1265961978
12	599	1	1265962043
12	600	1	1265962100
12	601	1	1265962144
29	601	1	1374517693
29	601	1	1449103104
150	601	1	1480668728
20	601	1	1493236967
12	602	1	1265962213
12	603	1	1265962271
12	604	1	1265962366
12	605	1	1265962410
12	606	1	1265962462
25	606	1	1295770233
118	606	1	1323023673
29	606	1	1447470044
20	606	1	1493236998
12	607	1	1265962502
39	607	1	1265983028
39	607	1	1273631447
39	607	1	1287979491
118	607	1	1340326964
29	607	1	1348416075
29	607	1	1349437120
29	607	1	1367757292
25	607	1	1387741470
113	607	1	1405490866
29	607	1	1436562831
113	607	1	1443894287
26	607	1	1467102449
150	607	1	1486993538
20	607	1	1493236965
12	608	1	1265962532
39	608	1	1265982148
118	608	1	1323652728
25	608	1	1325750416
25	608	1	1387749329
29	608	1	1435390223
29	608	1	1477272148
20	608	1	1493236999
12	609	1	1265962569
12	610	1	1265962602
12	611	1	1265962680
39	611	1	1265982233
150	611	1	1483487267
20	611	1	1493236953
12	612	1	1265962716
46	612	1	1448013442
29	612	1	1492414076
20	612	1	1493236952
12	613	1	1265962774
39	613	1	1265982323
39	613	1	1273473650
25	613	1	1292625499
40	613	1	1321591835
118	613	1	1323016295
25	613	1	1325454104
40	613	1	1341623592
40	613	1	1351557381
20	613	1	1493236950
12	614	1	1265962827
12	615	1	1265962859
12	616	1	1265962933
12	617	1	1265962970
12	618	1	1265963037
12	619	1	1265963091
39	619	1	1265981993
39	619	1	1275876407
118	619	1	1323025503
25	619	1	1324643741
29	619	1	1348705491
118	619	1	1362493964
29	619	1	1374611271
113	619	1	1426885186
20	619	1	1493237016
12	620	1	1265963135
25	620	1	1387747436
26	620	1	1467103066
150	620	1	1489477798
20	620	1	1493236989
12	621	1	1265963172
12	622	1	1265963207
26	622	1	1467102785
20	622	1	1493236979
12	623	1	1265963248
12	624	1	1265963290
39	624	1	1265982213
39	624	1	1270668059
39	624	1	1270844700
25	624	1	1332029439
25	624	1	1387748362
26	624	1	1467103178
20	624	1	1493236997
12	625	1	1265963345
12	626	1	1265963463
26	626	1	1467102637
20	626	1	1493236972
12	627	1	1265963528
12	628	1	1265963578
12	628	1	1265963716
12	629	1	1265963636
39	629	1	1265983157
39	629	1	1269678934
39	629	1	1274935239
9	629	1	1286646223
25	629	1	1293652717
118	629	1	1323022635
118	629	1	1337990999
29	629	1	1347936207
29	629	1	1348462778
29	629	1	1350546027
29	629	1	1367535262
29	629	1	1373528674
25	629	1	1386631019
29	629	1	1435248118
29	629	1	1445795961
29	629	1	1451462817
20	629	1	1458853587
26	629	1	1469925031
150	629	1	1469941183
26	629	1	1488475623
20	629	1	1493236993
12	630	1	1265963771
12	631	1	1265963815
12	632	1	1265963870
12	633	1	1265963907
12	634	1	1265963961
12	635	1	1265964007
12	636	1	1265964121
12	637	1	1265964181
12	638	1	1265964210
39	638	1	1265983126
39	638	1	1271883256
39	638	1	1279148834
39	638	1	1284410026
25	638	1	1306383138
25	638	1	1307890212
118	638	1	1323020164
25	638	1	1334997570
29	638	1	1351695317
29	638	1	1367836259
29	638	1	1371403776
29	638	1	1375969282
29	638	1	1377244327
25	638	1	1387583869
29	638	1	1435385467
29	638	1	1452500267
150	638	1	1476558271
26	638	1	1485090147
20	638	1	1493236979
12	639	1	1266660961
39	639	1	1266737119
39	639	1	1267735622
40	639	1	1321590690
118	639	1	1330007212
40	639	1	1352411904
25	639	1	1387155692
113	639	1	1422360007
29	639	1	1462328938
26	639	1	1467101979
150	639	1	1469940778
20	639	1	1472731678
150	639	1	1473043571
150	639	1	1473493657
150	639	1	1476143958
20	639	1	1493236902
12	640	1	1266661086
12	641	1	1266661231
12	641	1	1266849422
12	642	1	1266664080
12	643	1	1266664686
12	644	1	1266664870
12	644	1	1269626131
25	644	1	1387742524
113	644	1	1395582746
26	644	1	1467102609
20	644	1	1493236977
12	645	1	1266664953
12	646	1	1266665130
12	646	1	1266665152
39	646	1	1266736865
26	646	1	1467102589
20	646	1	1493236978
12	647	1	1266665219
39	647	1	1266736850
39	647	1	1269905047
39	647	1	1278323685
25	647	1	1319968461
40	647	1	1335633506
29	647	1	1356253759
29	647	1	1358916682
29	647	1	1369643910
25	647	1	1387746456
29	647	1	1438965396
26	647	1	1479444219
20	647	1	1493236983
9	648	1	1266665500
12	649	1	1266666972
12	650	1	1266667287
12	650	1	1266667425
12	650	1	1266669795
12	650	1	1266670685
12	650	1	1266670878
25	650	1	1330863665
20	650	1	1493236902
12	651	1	1266667377
12	651	1	1266670916
12	651	1	1266670952
12	652	1	1266669279
12	652	1	1266669315
12	652	1	1266669487
12	652	1	1266670532
12	652	1	1266670632
25	652	1	1330863666
20	652	1	1493236901
12	653	1	1266669642
12	654	1	1266670165
12	654	1	1266670212
12	655	1	1266670281
12	655	1	1266670344
12	656	1	1266670439
12	657	1	1266670532
12	658	1	1266670685
12	659	1	1266670916
12	660	1	1266671173
39	660	1	1266736835
20	660	1	1493236900
12	661	1	1266671364
26	661	1	1467101989
20	661	1	1493236900
12	662	1	1266671517
12	663	1	1266671660
12	664	1	1266672106
12	664	1	1266672190
12	664	1	1266731675
12	664	1	1267798410
12	664	1	1267798438
12	664	1	1269761087
12	664	1	1269761380
12	664	1	1269761551
12	664	1	1269761857
12	664	1	1269761953
12	664	1	1269762660
12	664	1	1269762908
12	664	1	1269762944
12	664	1	1269763247
12	664	1	1269763284
12	664	1	1269763310
12	664	1	1269763338
12	664	1	1269763364
12	664	1	1269763447
12	664	1	1269763476
12	664	1	1270025732
12	664	1	1270025831
12	664	1	1289287923
17	665	1	1266707467
17	665	1	1379474492
17	666	1	1266718475
12	667	1	1266830701
12	667	1	1266830782
12	667	1	1266830890
12	667	1	1266831038
12	667	1	1266831283
12	667	1	1266831376
12	667	1	1266831493
12	667	1	1266831958
12	667	1	1266832409
12	668	1	1266832495
12	669	1	1266833007
12	669	1	1266833223
12	670	1	1266833745
153	671	1	1268601930
12	672	1	1268666225
12	672	1	1268666284
12	673	1	1268736733
12	674	1	1268737050
12	675	1	1268737235
12	675	1	1268737263
12	675	1	1268737287
12	676	1	1268737770
39	676	1	1268742385
26	676	1	1467103569
20	676	1	1493237017
12	677	1	1268737898
25	677	1	1387753680
20	677	1	1493237011
12	678	1	1268738616
12	678	1	1268738748
12	679	1	1268738970
12	680	1	1268739430
12	680	1	1268739553
12	681	1	1268739955
39	681	1	1268746046
39	681	1	1288074152
25	681	1	1292625489
29	681	1	1348386631
28	681	1	1358698791
29	681	1	1446772597
26	681	1	1486653474
20	681	1	1493236957
12	682	1	1268740069
12	682	1	1268740149
12	682	1	1268740171
12	683	1	1268745298
12	684	1	1268745347
12	685	1	1268745415
39	685	1	1268750550
39	685	1	1279834289
118	685	1	1340325898
25	685	1	1387739069
113	685	1	1429981228
150	685	1	1469940856
20	685	1	1493236949
12	686	1	1268745483
39	686	1	1268750405
25	686	1	1325059708
40	686	1	1337264096
25	686	1	1387753612
20	686	1	1493237015
12	687	1	1268745549
39	687	1	1268750345
25	687	1	1320599949
29	687	1	1439856674
20	687	1	1493236969
12	688	1	1268745617
29	688	1	1492695915
20	688	1	1493236954
12	689	1	1268745687
12	690	1	1268745738
39	690	1	1268750510
39	690	1	1289034192
25	690	1	1322904253
25	690	1	1331074242
29	690	1	1367376909
25	690	1	1387739161
29	690	1	1435650064
29	690	1	1463926654
20	690	1	1493236945
12	691	1	1268745777
12	692	1	1268745823
12	693	1	1268745868
12	694	1	1268745920
12	695	1	1268745990
39	695	1	1268750413
39	695	1	1270854939
39	695	1	1282856668
25	695	1	1327268225
25	695	1	1327300793
118	695	1	1340327095
29	695	1	1374013346
25	695	1	1387741557
29	695	1	1434954512
29	695	1	1446776919
26	695	1	1467102489
150	695	1	1469940970
150	695	1	1480670014
20	695	1	1493236962
12	696	1	1268746033
39	696	1	1282933006
20	696	1	1493237002
12	697	1	1268746078
25	697	1	1337534478
20	697	1	1493237000
12	698	1	1268746116
12	699	1	1268746158
12	700	1	1268746216
12	701	1	1268746248
39	701	1	1268750520
39	701	1	1289049097
25	701	1	1324115492
118	701	1	1340328064
29	701	1	1376013340
29	701	1	1436171982
29	701	1	1452487557
20	701	1	1458420627
20	701	1	1464164019
20	701	1	1493236975
12	702	1	1268746297
12	703	1	1268746345
12	704	1	1268746404
12	705	1	1268746449
12	706	1	1268746501
39	706	1	1268750290
39	706	1	1269363780
25	706	1	1292625684
25	706	1	1325451652
29	706	1	1348917229
29	706	1	1435653100
26	706	1	1481475042
20	706	1	1493236945
12	707	1	1268746545
12	708	1	1268746592
12	709	1	1268746645
12	710	1	1268746695
118	710	1	1340330604
20	710	1	1493236985
12	711	1	1268746730
12	712	1	1268746844
12	713	1	1268746962
39	713	1	1268750370
20	713	1	1493237014
12	714	1	1268747019
46	714	1	1448013941
29	714	1	1492406859
20	714	1	1493236951
12	715	1	1268747056
39	715	1	1268750300
25	715	1	1387745415
26	715	1	1467102775
20	715	1	1493236980
12	716	1	1268747107
12	717	1	1268747145
12	718	1	1268747189
39	718	1	1268750310
25	718	1	1300804748
20	718	1	1493236967
12	720	1	1269247642
12	721	1	1269247685
12	721	1	1269247714
12	721	1	1269247781
12	722	1	1269247840
12	723	1	1269247899
12	724	1	1269247936
12	725	1	1269247997
39	725	1	1269292411
39	725	1	1282789912
39	725	1	1288073641
25	725	1	1294672292
29	725	1	1376730583
25	725	1	1387741453
29	725	1	1436562911
150	725	1	1485060155
20	725	1	1493236966
12	726	1	1269248035
12	727	1	1269248150
12	728	1	1269248225
12	729	1	1269248279
12	730	1	1269248361
12	731	1	1269248409
39	731	1	1269290089
39	731	1	1282932551
39	731	1	1287981026
40	731	1	1336311234
40	731	1	1337116911
25	731	1	1387752767
26	731	1	1467103453
20	731	1	1493237002
12	732	1	1269248444
39	732	1	1269290040
29	732	1	1435461009
46	732	1	1448013433
20	732	1	1493236904
12	733	1	1269248567
12	734	1	1269248610
12	735	1	1269248670
12	735	1	1269248764
12	736	1	1269248714
12	737	1	1269248857
12	738	1	1269248901
12	739	1	1269249038
12	740	1	1269249090
12	741	1	1269249221
12	741	1	1269249509
12	742	1	1269249261
12	742	1	1269249296
12	742	1	1269249548
12	743	1	1269249376
12	743	1	1269249445
41	743	1	1425462090
41	743	1	1425462203
20	743	1	1425484801
20	743	1	1429300052
20	743	1	1432581289
20	743	1	1434542576
20	743	1	1466773869
20	743	1	1499071458
12	744	1	1269249755
12	745	1	1269249849
39	745	1	1269289164
20	745	1	1493236959
12	746	1	1269249880
12	747	1	1269249962
39	747	1	1269280623
39	747	1	1288073788
118	747	1	1340327155
29	747	1	1376668499
25	747	1	1387741595
29	747	1	1435787878
113	747	1	1443866594
26	747	1	1467102499
150	747	1	1469940974
150	747	1	1487865937
20	747	1	1493236961
12	748	1	1269250004
39	748	1	1269280615
20	748	1	1493236999
12	749	1	1269250089
39	749	1	1280352556
25	749	1	1300779572
26	749	1	1467102316
150	749	1	1490425869
20	749	1	1493236958
12	750	1	1269250932
12	751	1	1269250975
12	752	1	1269251237
25	752	1	1332069617
20	752	1	1493236991
12	753	1	1269251277
12	754	1	1269251335
39	754	1	1269280660
39	754	1	1280600916
39	754	1	1288006111
25	754	1	1300804769
25	754	1	1329838501
29	754	1	1348169422
29	754	1	1367763996
29	754	1	1370015352
25	754	1	1387741428
26	754	1	1467102429
26	754	1	1475836980
20	754	1	1493236968
12	755	1	1269251375
12	756	1	1269251467
118	756	1	1340327135
25	756	1	1387741579
150	756	1	1469940973
20	756	1	1493236962
12	757	1	1269251520
12	758	1	1269251687
12	759	1	1269251754
12	760	1	1269251808
12	760	1	1269977945
12	761	1	1269252012
39	761	1	1269280830
39	761	1	1283874552
25	761	1	1298739681
48	761	1	1299276178
29	761	1	1348414993
29	761	1	1371181014
26	761	1	1467102459
150	761	1	1487888544
20	761	1	1493236964
12	762	1	1269252137
12	762	1	1269252201
9	763	1	1269539112
12	764	1	1269613850
12	765	1	1269622123
12	766	1	1269622800
12	767	1	1269622841
12	768	1	1269623265
12	769	1	1269623358
12	770	1	1269625115
39	770	1	1269635490
25	770	1	1387753596
26	770	1	1467103559
20	770	1	1493237018
12	771	1	1269625689
12	772	1	1269625855
12	773	1	1269625962
39	773	1	1269635535
39	773	1	1270530656
39	773	1	1278658279
118	773	1	1323022595
25	773	1	1324867186
29	773	1	1368216355
20	773	1	1493236994
12	774	1	1269626443
12	775	1	1269626498
12	775	1	1269626559
12	776	1	1269626788
12	776	1	1269626890
12	777	1	1269626947
12	778	1	1269626983
12	778	1	1269627035
12	779	1	1269627242
12	779	1	1269627293
12	780	1	1269761200
12	780	1	1269761332
12	781	1	1269761443
20	781	1	1448449301
20	781	1	1500545323
12	782	1	1269761678
20	782	1	1425460600
12	783	1	1269761757
20	783	1	1425460475
12	784	1	1269762082
12	784	1	1269762146
12	784	1	1269762206
20	784	1	1425460623
12	785	1	1269762356
20	785	1	1425460609
12	786	1	1269762499
20	786	1	1425460476
12	787	1	1269762825
12	788	1	1269939390
12	788	1	1269939551
12	788	1	1269939573
12	788	1	1269939601
12	789	1	1269939509
12	790	1	1269939646
12	791	1	1269939825
12	791	1	1269939969
12	792	1	1269939871
12	792	1	1269939895
12	793	1	1269940079
12	793	1	1269940176
12	793	1	1269940195
12	794	1	1269940136
12	795	1	1269940329
12	796	1	1269940363
12	797	1	1269940428
12	798	1	1269940588
12	798	1	1269940644
12	799	1	1269941628
12	800	1	1269941735
12	801	1	1269941901
12	802	1	1269941975
12	803	1	1269942078
12	804	1	1269942133
12	805	1	1269942269
12	806	1	1269942332
12	806	1	1269942347
12	807	1	1269942392
12	808	1	1269942501
12	808	1	1269942586
12	809	1	1269942540
12	810	1	1269942652
25	810	1	1337534477
26	810	1	1467103286
20	810	1	1493237000
12	811	1	1269942788
12	812	1	1269943276
12	812	1	1269943675
12	813	1	1269943402
12	813	1	1269943450
12	814	1	1269943710
154	815	1	1269952157
12	816	1	1269959560
12	817	1	1269959645
12	817	1	1269959732
12	818	1	1269959678
41	818	1	1425462131
20	818	1	1425484754
20	818	1	1429300065
20	818	1	1453197733
20	818	1	1499071459
12	819	1	1269959788
12	819	1	1269959912
12	819	1	1269960132
12	819	1	1269962586
12	820	1	1269959989
12	820	1	1269960100
12	820	1	1269962628
28	820	1	1346932982
20	820	1	1493236955
12	821	1	1269960184
12	821	1	1269962229
12	822	1	1269960236
12	822	1	1269960255
12	822	1	1269962266
25	822	1	1315604134
25	822	1	1315618380
20	822	1	1493236957
12	823	1	1269960438
39	823	1	1269970877
113	823	1	1443950978
20	823	1	1493236999
12	824	1	1269960747
12	824	1	1269960769
39	824	1	1269972660
39	824	1	1272403453
39	824	1	1276688981
118	824	1	1323017723
29	824	1	1373836467
29	824	1	1435186159
29	824	1	1464672551
20	824	1	1493236961
12	825	1	1269960832
12	825	1	1269960844
12	826	1	1269960906
12	826	1	1269962380
12	827	1	1269960973
25	827	1	1324485318
25	827	1	1324535607
20	827	1	1493236901
12	828	1	1269961047
12	828	1	1269962492
12	829	1	1269961085
12	829	1	1269962519
25	829	1	1323819352
25	829	1	1323837304
20	829	1	1493236956
12	830	1	1269961116
12	830	1	1269961249
9	830	1	1303352536
12	831	1	1269961301
12	831	1	1269961333
25	831	1	1308990812
25	831	1	1308998037
20	831	1	1493236898
12	832	1	1269961485
12	832	1	1269961649
12	833	1	1269961667
12	833	1	1269961904
25	833	1	1308342831
25	833	1	1308353883
20	833	1	1493236956
12	834	1	1269961787
25	834	1	1292625175
20	834	1	1493236902
12	835	1	1269961881
12	836	1	1269961985
12	837	1	1269962068
25	837	1	1295051668
25	837	1	1295102031
20	837	1	1493236955
12	838	1	1269962127
12	839	1	1269962393
12	839	1	1269962410
12	840	1	1269962827
12	840	1	1269963441
12	841	1	1269962949
12	842	1	1269963107
12	843	1	1269963299
12	844	1	1269963340
12	844	1	1269963371
12	845	1	1269963409
12	846	1	1269963533
12	847	1	1269963582
12	848	1	1269963659
12	849	1	1269963722
12	850	1	1269963815
12	851	1	1269963870
12	852	1	1269964541
12	853	1	1269964645
12	854	1	1269964695
12	855	1	1269964767
12	856	1	1269964812
39	856	1	1269991438
39	856	1	1277133132
25	856	1	1293053816
25	856	1	1293535974
25	856	1	1300128516
40	856	1	1321590478
118	856	1	1340324856
118	856	1	1343928599
113	856	1	1395897434
29	856	1	1446564501
20	856	1	1493236905
12	857	1	1269964910
39	857	1	1269991303
25	857	1	1387752667
20	857	1	1493237009
12	858	1	1269964950
12	859	1	1269965064
12	860	1	1269965119
12	861	1	1269965300
12	861	1	1269965328
12	862	1	1269965383
12	863	1	1269965469
26	863	1	1467103363
20	863	1	1493237009
12	864	1	1269965522
12	865	1	1269965612
12	866	1	1269965668
12	867	1	1269965763
25	867	1	1387752736
20	867	1	1493237004
12	868	1	1269965820
26	868	1	1467101970
20	868	1	1493236904
12	869	1	1269965995
39	869	1	1269991358
39	869	1	1283276528
39	869	1	1287982362
25	869	1	1301143127
25	869	1	1337422125
29	869	1	1357215064
25	869	1	1387752673
29	869	1	1435822452
29	869	1	1447502436
26	869	1	1467103373
150	869	1	1477354863
20	869	1	1493237009
12	870	1	1269966048
12	871	1	1269966195
39	871	1	1269991278
39	871	1	1283274709
25	871	1	1387752692
26	871	1	1467103383
150	871	1	1476143328
20	871	1	1493237008
12	872	1	1269966236
26	872	1	1467102286
20	872	1	1493236960
12	873	1	1269966465
12	874	1	1269966519
12	875	1	1269966572
12	876	1	1269966630
12	877	1	1269966731
118	877	1	1340333278
26	877	1	1467103393
20	877	1	1493237008
12	878	1	1269966786
12	879	1	1269966902
39	879	1	1269991273
39	879	1	1279178704
150	879	1	1476143332
20	879	1	1493237008
12	880	1	1269966950
12	881	1	1269967075
39	881	1	1269991353
25	881	1	1301143117
25	881	1	1387752699
20	881	1	1493237007
12	882	1	1269967125
12	883	1	1269967229
39	883	1	1269991403
39	883	1	1282844525
39	883	1	1288006330
29	883	1	1357215073
29	883	1	1368332229
29	883	1	1374450960
25	883	1	1387752722
26	883	1	1467103403
20	883	1	1493237007
12	884	1	1269967273
39	884	1	1269991283
25	884	1	1387740225
26	884	1	1467102297
20	884	1	1493236960
12	885	1	1269967376
12	886	1	1269967420
25	886	1	1304335070
20	886	1	1493236905
12	887	1	1269967484
39	887	1	1269991323
39	887	1	1272961245
25	887	1	1330328463
25	887	1	1387752731
29	887	1	1436587653
150	887	1	1476143342
20	887	1	1493237006
12	888	1	1269967534
39	888	1	1269991233
25	888	1	1387740228
20	888	1	1493236959
12	889	1	1269967627
26	889	1	1467103423
20	889	1	1493237006
12	890	1	1269967687
12	891	1	1269967935
12	891	1	1269967970
12	891	1	1269968111
12	892	1	1269968092
12	893	1	1269968274
12	894	1	1269968325
12	895	1	1269977047
12	895	1	1269977086
150	895	1	1476143360
20	895	1	1493237005
12	896	1	1269977146
12	896	1	1269977199
12	897	1	1269977286
39	897	1	1283274285
26	897	1	1467103433
20	897	1	1493237004
12	898	1	1269977345
46	898	1	1448013415
12	899	1	1269977462
12	900	1	1269977509
46	900	1	1448013422
12	901	1	1269977623
12	902	1	1269977697
12	903	1	1269977747
12	904	1	1269977827
39	904	1	1277695773
39	904	1	1277707693
20	904	1	1493237004
12	905	1	1269977874
12	906	1	1269978082
12	907	1	1269978126
12	908	1	1269978192
12	909	1	1269978257
12	910	1	1269978390
12	911	1	1269978465
12	912	1	1269978580
12	913	1	1269978628
12	914	1	1269978683
39	914	1	1269991263
39	914	1	1282836801
25	914	1	1387749314
150	914	1	1469941266
150	914	1	1475119740
26	914	1	1480940183
20	914	1	1493237001
12	915	1	1269978724
12	916	1	1269978879
12	916	1	1269978904
12	917	1	1269978946
47	918	1	1270216934
47	918	1	1379261527
47	919	1	1270404650
47	919	1	1379261528
155	920	1	1270417861
47	921	1	1270564876
47	921	1	1379261533
17	922	1	1271128017
156	923	1	1271431460
157	924	1	1271587340
42	924	1	1323111311
42	924	1	1327387940
42	924	1	1327500091
42	924	1	1327507769
42	924	1	1328962032
42	924	1	1334075803
42	924	1	1368063157
42	924	1	1368955324
125	925	1	1274371180
125	925	1	1316861605
125	926	1	1274371243
158	927	1	1276236524
17	928	1	1277067092
17	929	1	1277159830
17	930	1	1277168830
17	931	1	1277179746
17	932	1	1277181203
17	933	1	1277248216
17	934	1	1277579826
17	934	1	1289088334
159	934	1	1308763330
159	934	1	1309107173
159	934	1	1322678319
159	934	1	1356646085
159	934	1	1356696948
160	935	1	1280649835
17	936	1	1280796712
17	937	1	1280800656
161	938	1	1280960871
161	938	1	1281006786
161	939	1	1281097849
17	940	1	1281150262
17	941	1	1281154181
17	942	1	1281155743
17	943	1	1281159142
161	944	1	1281183504
17	944	1	1289146280
159	944	1	1308800366
159	944	1	1309110931
159	944	1	1356646085
17	945	1	1281233530
17	946	1	1281235276
161	947	1	1281259097
162	948	1	1281988684
162	949	1	1281988695
163	950	1	1282088570
164	950	1	1422986841
163	951	1	1282088581
164	951	1	1422986842
17	952	1	1283021494
17	953	1	1283394139
165	954	1	1283394323
165	954	1	1284617821
8	954	1	1408317606
165	955	1	1283413101
5	956	1	1285023014
165	957	1	1285795567
165	958	1	1287791410
17	959	1	1289160929
17	960	1	1289173837
25	963	1	1292627031
25	963	1	1301053093
20	963	1	1493236989
165	964	1	1289956107
165	964	1	1291480666
165	964	1	1295309513
166	964	1	1327091416
167	964	1	1337665642
167	964	1	1342549515
167	964	1	1349132068
167	964	1	1360201339
168	965	1	1290880425
168	965	1	1290881683
168	965	1	1291152596
168	965	1	1296210392
168	965	1	1296213510
168	965	1	1296489554
25	966	1	1292597507
25	966	1	1293722978
162	967	1	1293736375
169	968	1	1294091472
170	969	1	1296205218
17	970	1	1296443430
17	970	1	1333239048
136	970	1	1390293714
17	971	1	1296618025
171	972	1	1296650236
17	973	1	1296784871
172	974	1	1297887019
172	974	1	1331645502
172	974	1	1401157693
172	974	1	1423193081
17	975	1	1298436363
17	976	1	1301870651
17	977	1	1302978856
162	977	1	1331479543
17	978	1	1302983250
17	979	1	1302995099
17	980	1	1303351926
173	982	1	1304399274
173	982	1	1388777195
17	983	1	1305157771
17	983	1	1333912724
165	984	1	1306449932
174	985	1	1306478898
174	985	1	1314547442
165	986	1	1306522112
175	987	1	1307397905
176	987	1	1332358071
159	988	1	1308810243
159	988	1	1308814464
177	989	1	1309523113
159	990	1	1309540422
159	991	1	1309542522
17	992	1	1309571248
17	993	1	1309579815
17	994	1	1309583826
17	995	1	1309623833
17	996	1	1309632773
178	997	1	1313799894
17	998	1	1314242823
17	998	1	1422213513
125	999	1	1314707888
125	1000	1	1314707888
17	1001	1	1315764205
17	1002	1	1315768641
17	1003	1	1315773153
176	1004	1	1318457547
17	1005	1	1318984247
165	1006	1	1319842677
165	1006	1	1429212177
179	1007	1	1319996828
180	1007	1	1497570265
181	1008	1	1320842112
181	1009	1	1320842313
182	1010	1	1321040243
182	1011	1	1321204852
182	1012	1	1321204853
182	1012	1	1321205113
183	1013	1	1321615987
183	1013	1	1349212971
17	1014	1	1321748282
184	1014	1	1406340970
17	1015	1	1321763820
17	1016	1	1321849138
17	1017	1	1321920164
17	1018	1	1321923790
17	1018	1	1322093815
17	1019	1	1321927974
17	1019	1	1322095477
159	1020	1	1322000686
17	1021	1	1322097476
17	1022	1	1322098700
17	1023	1	1322099964
17	1024	1	1322104167
32	1024	1	1361933118
32	1024	1	1361933355
185	1025	1	1322658731
17	1025	1	1346640169
186	1026	1	1322945801
186	1027	1	1322946427
17	1028	1	1323016768
17	1029	1	1323047157
17	1030	1	1323050781
157	1031	1	1323110316
42	1031	1	1323111411
42	1031	1	1327386619
42	1031	1	1327498031
42	1031	1	1327505608
42	1031	1	1328917588
42	1031	1	1334072347
42	1031	1	1368059008
42	1031	1	1368913275
176	1032	1	1325968581
17	1033	1	1326050021
165	1034	1	1326330260
176	1035	1	1328131763
17	1036	1	1329081472
17	1037	1	1329096500
176	1038	1	1329747007
176	1039	1	1329760994
159	1040	1	1329833861
159	1041	1	1329838235
159	1041	1	1356638029
162	1042	1	1330637577
162	1043	1	1330705208
17	1044	1	1332041365
17	1045	1	1333244809
17	1046	1	1333420190
17	1047	1	1333501022
17	1047	1	1333583181
17	1048	1	1333588103
17	1049	1	1333906081
17	1050	1	1333908177
176	1051	1	1334114548
17	1052	1	1334510706
153	1053	1	1335652023
17	1054	1	1336324270
17	1055	1	1336326556
187	1055	1	1446466723
176	1056	1	1338322407
188	1057	1	1338439232
188	1057	1	1338442167
188	1057	1	1342492039
17	1058	1	1338650579
17	1059	1	1338656730
17	1060	1	1338661498
17	1061	1	1339380406
41	1062	1	1340568360
20	1062	1	1340711155
20	1063	1	1340604363
20	1063	1	1340711377
20	1063	1	1444216969
176	1064	1	1340668391
17	1065	1	1341260165
17	1065	1	1344111151
189	1066	1	1342276842
17	1066	1	1344220265
17	1066	1	1344226279
190	1067	1	1344084340
17	1068	1	1344112593
17	1069	1	1344380849
191	1070	1	1345981517
191	1070	1	1345981547
134	1071	1	1346363127
134	1072	1	1346434524
40	1072	1	1347173242
40	1073	1	1346448724
17	1074	1	1346628703
17	1075	1	1346633921
17	1076	1	1346638246
136	1077	1	1347461409
136	1077	1	1347461540
136	1077	1	1347461623
192	1078	1	1348935881
9	1079	1	1351049899
162	1080	1	1351192900
162	1081	1	1351241182
162	1082	1	1351250217
162	1083	1	1351250226
9	1084	1	1351327625
31	1085	1	1351958485
31	1086	1	1354613842
31	1087	1	1354743907
17	1088	1	1355092699
17	1089	1	1355113750
193	1090	1	1355256599
194	1091	1	1355727632
38	1091	1	1491302285
183	1092	1	1355905355
176	1093	1	1359583220
176	1094	1	1359583301
193	1095	1	1359912289
17	1096	1	1360031967
195	1096	1	1417132225
195	1096	1	1487252861
17	1097	1	1360036185
17	1098	1	1361151082
17	1099	1	1361156486
196	1100	1	1361933720
8	1101	1	1361973233
32	1101	1	1361989912
176	1102	1	1364094858
17	1103	1	1364143649
17	1104	1	1364147582
17	1105	1	1364162274
17	1106	1	1364174082
17	1107	1	1364175867
187	1107	1	1451502330
197	1108	1	1366090202
176	1109	1	1367176729
198	1110	1	1367356970
187	1110	1	1451502238
199	1111	1	1369583756
199	1111	1	1380430293
17	1111	1	1381707630
199	1111	1	1384699195
199	1111	1	1408421178
17	1112	1	1370218823
17	1113	1	1372734881
17	1114	1	1372821901
200	1115	1	1375529285
201	1116	1	1375727216
202	1117	1	1376684877
203	1118	1	1377391024
202	1119	1	1377992202
25	1120	1	1387741511
29	1120	1	1436562764
113	1120	1	1441548845
26	1120	1	1467102469
150	1120	1	1474885394
20	1120	1	1493236963
25	1121	1	1387741549
29	1121	1	1437377711
20	1121	1	1493236962
47	1123	1	1379260520
47	1124	1	1379260535
17	1125	1	1379283803
17	1126	1	1379303516
187	1126	1	1451502304
17	1127	1	1379465012
17	1128	1	1379468572
17	1129	1	1379561815
17	1130	1	1379563314
17	1131	1	1379564642
17	1132	1	1379898377
17	1133	1	1379899896
17	1134	1	1380160623
17	1135	1	1380164810
17	1136	1	1380396915
17	1137	1	1380398272
17	1138	1	1380401845
204	1138	1	1385796548
204	1138	1	1388052658
204	1138	1	1391248665
17	1138	1	1408628340
205	1138	1	1411917898
206	1138	1	1411919470
17	1138	1	1413775169
17	1138	1	1438466789
17	1139	1	1380408375
204	1139	1	1385474572
204	1139	1	1386743188
204	1139	1	1391655881
204	1139	1	1393935638
205	1139	1	1411917899
206	1139	1	1411919470
17	1139	1	1414903141
17	1140	1	1381684912
17	1141	1	1381702410
199	1141	1	1382879046
199	1141	1	1382932828
199	1142	1	1382861903
207	1143	1	1382905772
208	1144	1	1383039144
209	1145	1	1383338812
210	1146	1	1384699133
211	1147	1	1384784635
32	1148	1	1384786491
212	1149	1	1385384012
213	1150	1	1387293588
17	1151	1	1390176156
214	1151	1	1487203295
17	1152	1	1390255091
17	1153	1	1390266244
215	1154	1	1390300256
216	1155	1	1392385510
216	1156	1	1392392564
17	1157	1	1393564670
17	1158	1	1393571858
217	1159	1	1393635953
218	1160	1	1393651894
32	1161	1	1394757240
219	1162	1	1395185619
219	1162	1	1395427804
219	1162	1	1396578913
220	1163	1	1396563083
221	1164	1	1396597166
35	1165	1	1400531918
8	1166	1	1408317606
17	1167	1	1408642497
222	1167	1	1461691390
17	1168	1	1409110957
17	1169	1	1410626261
223	1169	1	1447384206
17	1170	1	1410712321
17	1171	1	1411006721
223	1171	1	1447384207
205	1172	1	1411917898
126	1172	1	1415713773
205	1173	1	1411917899
126	1173	1	1415713787
206	1174	1	1411919470
206	1175	1	1411919470
224	1176	1	1413468106
224	1176	1	1447338264
224	1176	1	1447622157
224	1177	1	1413468116
17	1178	1	1416718488
164	1178	1	1472040256
164	1178	1	1472137469
17	1179	1	1416724980
164	1179	1	1472040256
164	1179	1	1472137469
195	1180	1	1417132225
195	1181	1	1417132226
17	1182	1	1417326697
17	1183	1	1421020742
17	1184	1	1421113958
17	1185	1	1421117898
17	1186	1	1421121836
17	1186	1	1423376358
191	1186	1	1424432113
152	1187	1	1421727879
164	1188	1	1422986842
164	1189	1	1422986842
17	1190	1	1423371875
17	1191	1	1423378522
191	1191	1	1424432113
123	1192	1	1423708597
123	1192	1	1423732210
123	1193	1	1423709122
17	1194	1	1423709663
9	1195	1	1423731256
123	1195	1	1423732002
17	1196	1	1423942446
17	1197	1	1424394704
164	1197	1	1438202118
191	1198	1	1424432113
191	1199	1	1424432113
17	1200	1	1424584402
164	1200	1	1438202118
17	1201	1	1424586473
126	1201	1	1438214813
41	1202	1	1425460552
20	1202	1	1425483984
20	1202	1	1425486107
20	1202	1	1428920277
20	1202	1	1429299489
20	1202	1	1432580755
20	1202	1	1446211711
20	1202	1	1499071393
41	1203	1	1425460565
20	1203	1	1425484320
20	1203	1	1466771698
20	1203	1	1499071439
41	1204	1	1425460572
20	1204	1	1425484126
20	1204	1	1425486131
20	1204	1	1432580839
20	1204	1	1466770894
20	1204	1	1499071397
41	1205	1	1425460614
20	1205	1	1425484070
20	1205	1	1425485793
20	1205	1	1432580732
20	1205	1	1466770648
20	1205	1	1499071381
41	1206	1	1425460622
20	1206	1	1425484152
20	1206	1	1426675127
20	1206	1	1429299617
20	1206	1	1442230914
20	1206	1	1466771114
20	1206	1	1470917634
20	1206	1	1499071385
41	1207	1	1425460635
20	1207	1	1425484118
20	1207	1	1425485956
20	1207	1	1427800239
20	1207	1	1429299555
20	1207	1	1432580828
20	1207	1	1442492441
20	1207	1	1466770947
20	1207	1	1471934474
20	1207	1	1499071390
41	1208	1	1425460669
20	1208	1	1425484362
20	1208	1	1425486824
20	1208	1	1426675571
20	1208	1	1429002345
20	1208	1	1429299699
20	1208	1	1432580938
20	1208	1	1466771262
20	1208	1	1499071427
41	1209	1	1425460679
20	1209	1	1425484026
20	1209	1	1425486151
20	1209	1	1426674393
20	1209	1	1432580700
20	1209	1	1446212109
20	1209	1	1499071401
41	1210	1	1425460685
20	1210	1	1425484122
20	1210	1	1429299585
20	1210	1	1432580837
20	1210	1	1466770889
20	1210	1	1499071405
41	1211	1	1425460882
20	1211	1	1425484745
20	1211	1	1429300054
20	1211	1	1445334407
20	1211	1	1466773844
20	1211	1	1473414020
20	1211	1	1499071455
41	1212	1	1425460945
20	1212	1	1425484951
20	1212	1	1426677324
20	1212	1	1427891866
20	1212	1	1429300063
20	1212	1	1431942240
20	1212	1	1439903305
20	1212	1	1466765830
20	1212	1	1476104113
20	1212	1	1477042521
20	1212	1	1499071456
41	1213	1	1425461123
20	1213	1	1425484938
20	1213	1	1425984175
20	1213	1	1426677243
20	1213	1	1427719095
20	1213	1	1428396685
20	1213	1	1429103053
20	1213	1	1429300061
20	1213	1	1432581283
20	1213	1	1434968947
20	1213	1	1437641868
20	1213	1	1439814781
20	1213	1	1442496634
20	1213	1	1452873036
20	1213	1	1466765435
225	1213	1	1498446734
41	1214	1	1425461953
29	1214	1	1433874343
29	1214	1	1438676848
29	1214	1	1439742961
20	1214	1	1472089801
20	1214	1	1493236951
41	1215	1	1425462021
29	1215	1	1435119836
113	1215	1	1439803586
113	1215	1	1443911206
29	1215	1	1449233616
26	1215	1	1488395782
20	1215	1	1493236991
41	1216	1	1425470006
20	1216	1	1425484104
20	1216	1	1426674987
20	1216	1	1429299598
20	1216	1	1432580853
20	1216	1	1446210035
20	1216	1	1466771079
20	1216	1	1499071376
41	1217	1	1425470030
20	1217	1	1425484148
20	1217	1	1429014817
20	1217	1	1429299612
20	1217	1	1466770968
20	1217	1	1471934425
20	1217	1	1499071375
41	1218	1	1425470048
20	1218	1	1425484086
20	1218	1	1426674509
20	1218	1	1429299504
20	1218	1	1432580778
20	1218	1	1466770824
20	1218	1	1471934322
20	1218	1	1499071380
41	1219	1	1425470055
20	1219	1	1425483920
20	1219	1	1426673597
20	1219	1	1429299518
20	1219	1	1432580768
20	1219	1	1466770782
20	1219	1	1499071379
41	1220	1	1425470068
20	1220	1	1425484094
20	1220	1	1429299522
20	1220	1	1432580782
20	1220	1	1442492511
20	1220	1	1466770841
20	1220	1	1499071377
41	1221	1	1425470079
20	1221	1	1425484090
20	1221	1	1429299520
20	1221	1	1432580780
20	1221	1	1446210220
20	1221	1	1466770832
20	1221	1	1499071378
41	1222	1	1425470108
20	1222	1	1425483931
20	1222	1	1425485790
20	1222	1	1426673667
20	1222	1	1432580490
20	1222	1	1449573659
20	1222	1	1499071382
41	1223	1	1425470117
20	1223	1	1425483770
20	1223	1	1426672432
20	1223	1	1432580232
20	1223	1	1447856517
20	1223	1	1466769628
20	1223	1	1499071383
41	1224	1	1425470122
20	1224	1	1425483761
20	1224	1	1426675110
20	1224	1	1432580175
20	1224	1	1449579762
20	1224	1	1499071384
41	1225	1	1425470160
20	1225	1	1425483774
20	1225	1	1426675116
20	1225	1	1432580234
20	1225	1	1466769630
20	1225	1	1499071383
41	1226	1	1425470225
20	1226	1	1425484066
20	1226	1	1429299462
20	1226	1	1432580730
20	1226	1	1442230837
20	1226	1	1466770713
20	1226	1	1470917507
20	1226	1	1499071386
41	1227	1	1425470233
20	1227	1	1425483972
20	1227	1	1425485899
20	1227	1	1429299354
20	1227	1	1432580654
20	1227	1	1446210472
20	1227	1	1466770705
20	1227	1	1499071388
41	1228	1	1425470239
20	1228	1	1425484005
20	1228	1	1425485932
20	1228	1	1429299363
20	1228	1	1432580662
20	1228	1	1466599806
20	1228	1	1499071389
41	1229	1	1425470248
20	1229	1	1425484112
20	1229	1	1426674970
20	1229	1	1429299615
20	1229	1	1432580864
20	1229	1	1441788273
20	1229	1	1466771100
20	1229	1	1471934371
20	1229	1	1499071387
41	1230	1	1425470281
20	1230	1	1425484108
20	1230	1	1425486020
20	1230	1	1426674932
20	1230	1	1427799505
20	1230	1	1429299538
20	1230	1	1432580815
20	1230	1	1435062515
20	1230	1	1441788745
20	1230	1	1449582037
20	1230	1	1499071392
41	1231	1	1425470286
20	1231	1	1425484082
20	1231	1	1429299512
20	1231	1	1432057422
20	1231	1	1449581990
20	1231	1	1499071392
41	1232	1	1425470291
20	1232	1	1425484100
20	1232	1	1429264597
20	1232	1	1432580826
20	1232	1	1445248509
20	1232	1	1466770931
20	1232	1	1471934266
20	1232	1	1499071391
41	1233	1	1425470325
20	1233	1	1425484705
20	1233	1	1425486916
20	1233	1	1427228965
20	1233	1	1432581025
20	1233	1	1466771589
20	1233	1	1499071436
41	1234	1	1425470360
20	1234	1	1425484078
20	1234	1	1429001145
20	1234	1	1432580776
20	1234	1	1446211796
20	1234	1	1466770808
20	1234	1	1499071394
41	1235	1	1425470374
20	1235	1	1425483903
20	1235	1	1426673331
20	1235	1	1426675179
20	1235	1	1429299113
20	1235	1	1432580515
20	1235	1	1443187354
20	1235	1	1449495527
20	1235	1	1466769991
20	1235	1	1499071396
41	1236	1	1425470377
20	1236	1	1425484136
20	1236	1	1425486117
20	1236	1	1426675008
20	1236	1	1426675176
20	1236	1	1429299604
20	1236	1	1432580593
20	1236	1	1448883934
20	1236	1	1466770405
20	1236	1	1499071395
41	1237	1	1425470391
20	1237	1	1425483953
20	1237	1	1425486123
20	1237	1	1432580579
20	1237	1	1499071398
41	1238	1	1425470396
20	1238	1	1425483898
20	1238	1	1425486141
20	1238	1	1432580465
20	1238	1	1466770069
20	1238	1	1499071399
41	1239	1	1425470402
20	1239	1	1425483894
20	1239	1	1432580463
20	1239	1	1466770039
20	1239	1	1499071399
41	1240	1	1425470407
20	1240	1	1425483757
20	1240	1	1432580194
20	1240	1	1471504029
20	1240	1	1499071400
41	1241	1	1425470464
20	1241	1	1425484022
20	1241	1	1425486159
20	1241	1	1426675180
20	1241	1	1442564572
20	1241	1	1466770582
20	1241	1	1499071402
41	1242	1	1425470469
20	1242	1	1425483960
20	1242	1	1426673861
20	1242	1	1426675183
20	1242	1	1432580603
20	1242	1	1444203793
20	1242	1	1466770275
20	1242	1	1499071403
41	1243	1	1425470475
20	1243	1	1425473410
20	1243	1	1426668351
20	1243	1	1426674544
20	1243	1	1432580023
20	1243	1	1448886534
20	1243	1	1499071404
41	1244	1	1425470624
20	1244	1	1425483946
20	1244	1	1425486169
20	1244	1	1429299510
20	1244	1	1432580766
20	1244	1	1449583529
20	1244	1	1499071426
41	1245	1	1425470629
20	1245	1	1425484144
20	1245	1	1426675046
20	1245	1	1429299610
20	1245	1	1449583616
20	1245	1	1499071426
41	1246	1	1425470637
20	1246	1	1425483884
20	1246	1	1425486638
20	1246	1	1426675186
20	1246	1	1429299647
20	1246	1	1439299019
20	1246	1	1449486811
20	1246	1	1499071426
41	1247	1	1425470642
20	1247	1	1425473827
20	1247	1	1425486648
20	1247	1	1426674877
20	1247	1	1429299652
20	1247	1	1437724336
20	1247	1	1466771203
20	1247	1	1499071427
41	1248	1	1425470648
20	1248	1	1425484315
20	1248	1	1426675575
20	1248	1	1429299701
20	1248	1	1432580940
20	1248	1	1446212252
20	1248	1	1466771272
20	1248	1	1499071427
41	1249	1	1425470716
20	1249	1	1425484366
20	1249	1	1429011259
20	1249	1	1432580948
20	1249	1	1466771336
20	1249	1	1499071428
41	1250	1	1425470721
20	1250	1	1425484354
20	1250	1	1426675244
20	1250	1	1429299743
20	1250	1	1432580988
20	1250	1	1441790873
20	1250	1	1448620088
20	1250	1	1466771484
20	1250	1	1499071428
41	1251	1	1425470728
20	1251	1	1425484357
20	1251	1	1429299752
20	1251	1	1432580998
20	1251	1	1449488189
20	1251	1	1466771510
20	1251	1	1499071428
41	1252	1	1425470733
20	1252	1	1425484349
20	1252	1	1426675459
20	1252	1	1429299760
20	1252	1	1432581007
20	1252	1	1442492745
20	1252	1	1466771543
20	1252	1	1499071429
41	1253	1	1425470739
20	1253	1	1425484370
20	1253	1	1429299762
20	1253	1	1432581006
20	1253	1	1445248890
20	1253	1	1466771533
20	1253	1	1499071429
41	1254	1	1425470763
20	1254	1	1425484328
20	1254	1	1426675877
20	1254	1	1429299777
20	1254	1	1432581023
20	1254	1	1449583867
20	1254	1	1499071437
41	1255	1	1425470769
20	1255	1	1425484697
20	1255	1	1426675928
20	1255	1	1429299783
20	1255	1	1432581028
20	1255	1	1466771672
20	1255	1	1499071438
41	1256	1	1425470773
20	1256	1	1425484332
20	1256	1	1426675945
20	1256	1	1432581032
20	1256	1	1446212981
20	1256	1	1466771646
20	1256	1	1499071439
41	1257	1	1425470793
20	1257	1	1425484162
20	1257	1	1426675175
20	1257	1	1466771166
20	1257	1	1499071440
41	1258	1	1425470821
20	1258	1	1425484737
20	1258	1	1425486991
20	1258	1	1429299789
20	1258	1	1466771696
20	1258	1	1499071441
41	1259	1	1425470844
20	1259	1	1425484729
20	1259	1	1425487019
20	1259	1	1426675963
20	1259	1	1429299795
20	1259	1	1466771736
20	1259	1	1499071442
41	1260	1	1425470849
20	1260	1	1425484721
20	1260	1	1425487009
20	1260	1	1426675172
20	1260	1	1442310114
20	1260	1	1466771692
20	1260	1	1499071443
41	1261	1	1425470853
20	1261	1	1425487003
20	1261	1	1426675169
20	1261	1	1429249778
20	1261	1	1448889267
20	1261	1	1499071444
41	1262	1	1425470861
20	1262	1	1425484714
20	1262	1	1429249723
20	1262	1	1466771734
20	1262	1	1499071444
41	1263	1	1425470899
41	1263	1	1425470928
20	1263	1	1425484154
20	1263	1	1426675161
20	1263	1	1499071447
41	1264	1	1425470904
20	1264	1	1425484156
20	1264	1	1426675168
20	1264	1	1499071446
41	1265	1	1425470953
20	1265	1	1426675463
20	1265	1	1426675924
20	1265	1	1429248568
20	1265	1	1466771690
20	1265	1	1499071445
226	1266	1	1425847456
17	1267	1	1426643943
41	1268	1	1426664434
20	1268	1	1426677199
20	1268	1	1426858407
20	1268	1	1427145230
20	1268	1	1427389639
20	1268	1	1427795904
20	1268	1	1427923480
20	1268	1	1428486191
20	1268	1	1429008385
20	1268	1	1429249677
20	1268	1	1429300042
20	1268	1	1430393631
20	1268	1	1431684244
20	1268	1	1432202366
20	1268	1	1432581268
20	1268	1	1432932561
20	1268	1	1433533778
20	1268	1	1434046665
20	1268	1	1435308552
20	1268	1	1438239398
20	1268	1	1439287961
20	1268	1	1440401619
20	1268	1	1440678584
20	1268	1	1442498230
20	1268	1	1443175922
20	1268	1	1445342724
20	1268	1	1445343634
20	1268	1	1446204557
20	1268	1	1449223468
20	1268	1	1450360874
20	1268	1	1466773234
20	1268	1	1466774382
20	1268	1	1467279601
20	1268	1	1467356192
20	1268	1	1468186683
20	1268	1	1468238567
20	1268	1	1468571509
20	1268	1	1472803921
20	1268	1	1473164665
20	1268	1	1479885720
20	1268	1	1492964279
20	1268	1	1499071453
41	1269	1	1426664464
20	1269	1	1426677164
20	1269	1	1426858634
20	1269	1	1427134720
20	1269	1	1427288612
20	1269	1	1427464417
20	1269	1	1427886485
20	1269	1	1427990961
20	1269	1	1428571122
20	1269	1	1429089164
20	1269	1	1429249594
20	1269	1	1429299982
20	1269	1	1430124210
20	1269	1	1431684510
20	1269	1	1432210023
20	1269	1	1432581232
20	1269	1	1432932315
20	1269	1	1433534106
20	1269	1	1434441581
20	1269	1	1436940733
20	1269	1	1438764353
20	1269	1	1440162395
20	1269	1	1440678403
20	1269	1	1442498475
20	1269	1	1445335844
20	1269	1	1448277536
20	1269	1	1450361451
20	1269	1	1466766094
20	1269	1	1479207552
20	1269	1	1491915428
20	1269	1	1499071451
41	1270	1	1426664480
20	1270	1	1426677076
41	1270	1	1429248532
20	1270	1	1429249533
20	1270	1	1429300047
20	1270	1	1431553215
20	1270	1	1432122629
20	1270	1	1432581272
20	1270	1	1433326802
20	1270	1	1433941801
20	1270	1	1434973773
20	1270	1	1438592836
20	1270	1	1439973896
20	1270	1	1440678143
20	1270	1	1441698651
20	1270	1	1442497629
20	1270	1	1445247208
20	1270	1	1450086137
20	1270	1	1450360110
20	1270	1	1467098361
20	1270	1	1468322302
20	1270	1	1468585796
20	1270	1	1470685767
20	1270	1	1474055625
20	1270	1	1479211556
20	1270	1	1499071454
41	1271	1	1426664495
20	1271	1	1426676951
20	1271	1	1427229179
20	1271	1	1427456385
20	1271	1	1427823080
20	1271	1	1427966615
20	1271	1	1428503893
20	1271	1	1429046068
20	1271	1	1429249559
20	1271	1	1429299986
20	1271	1	1430910213
20	1271	1	1431948018
20	1271	1	1432581258
20	1271	1	1432932443
20	1271	1	1433533898
20	1271	1	1434046789
20	1271	1	1435668607
20	1271	1	1438592753
20	1271	1	1439973752
20	1271	1	1440495242
20	1271	1	1442222323
20	1271	1	1442498355
20	1271	1	1442567351
20	1271	1	1445247296
20	1271	1	1446207044
20	1271	1	1449129525
20	1271	1	1450266466
20	1271	1	1466766289
20	1271	1	1467981742
20	1271	1	1468219280
20	1271	1	1468321167
20	1271	1	1470055648
20	1271	1	1470649246
20	1271	1	1479211714
20	1271	1	1479979379
20	1271	1	1499071450
35	1272	1	1426839682
35	1272	1	1426843297
2	1272	1	1429231813
35	1272	1	1429245728
35	1273	1	1426839682
2	1273	1	1429231813
35	1273	1	1429245728
35	1274	1	1426839683
2	1274	1	1429231813
35	1274	1	1429245729
35	1275	1	1426839683
2	1275	1	1429231813
35	1275	1	1429245729
35	1276	1	1426839683
2	1276	1	1429231813
35	1276	1	1429245729
35	1277	1	1426839683
35	1278	1	1426839683
2	1278	1	1429231813
35	1278	1	1429245729
35	1279	1	1426839690
35	1280	1	1426839690
2	1280	1	1429231813
35	1280	1	1429245737
35	1281	1	1426839691
2	1281	1	1429231813
35	1281	1	1429245738
35	1282	1	1426839691
2	1282	1	1429231813
35	1282	1	1429245739
165	1283	1	1429212177
227	1284	1	1435356765
164	1285	1	1438202119
164	1286	1	1438202119
228	1287	1	1438645104
229	1288	1	1443362048
228	1289	1	1443816733
228	1290	1	1443816733
228	1291	1	1443816733
228	1292	1	1443816733
228	1293	1	1443816733
228	1294	1	1443816734
228	1295	1	1443816734
143	1296	1	1443988890
230	1297	1	1443989002
187	1298	1	1446466723
187	1299	1	1451502238
187	1300	1	1451502304
187	1301	1	1451502330
231	1302	1	1459871505
222	1303	1	1461695612
187	1304	1	1462383626
164	1305	1	1472137469
164	1306	1	1472137469
214	1307	1	1487203295
195	1308	1	1487252861
180	1309	1	1497570265
