1	1	1	1075380809
1	2	1	1075380809
1	3	1	1077421431
1	4	1	1086461054
1	5	1	1086461054
1	6	1	1086461054
1	7	1	1086461054
1	8	1	1086461054
1	9	1	1086461054
1	10	1	1086461054
1	11	1	1086461054
1	12	1	1086461054
1	13	1	1086461054
1	14	1	1086461054
1	15	1	1086461054
1	16	1	1086461054
1	17	1	1086461054
1	18	1	1086461054
1	19	1	1086461054
1	20	1	1086461054
1	21	1	1086461054
1	22	1	1086461054
1	23	1	1086461054
1	24	1	1086461054
1	25	1	1086461054
1	26	1	1086461054
1	27	1	1086461054
1	28	1	1086461054
1	29	1	1086461054
1	30	1	1086461054
1	31	1	1086461054
1	32	1	1086461054
1	33	1	1086461054
1	34	1	1086461054
1	35	1	1086461054
1	36	1	1086461054
1	37	1	1086461054
1	38	1	1086461054
1	39	1	1086461054
1	40	1	1086461054
1	41	1	1086461054
1	42	1	1086461054
1	43	1	1086461054
1	44	1	1086461054
1	45	1	1086461054
1	46	1	1086461054
1	47	1	1086461054
1	48	1	1086461054
1	49	1	1086461054
1	50	1	1086461054
1	51	1	1086461054
1	52	1	1086461054
1	53	1	1086461054
1	54	1	1086461054
1	55	1	1086461054
1	56	1	1086461054
1	57	1	1086461054
1	58	1	1086461054
1	59	1	1086461054
1	60	1	1086461054
1	61	1	1086461054
1	62	1	1086461054
1	63	1	1086461054
1	64	1	1086461054
1	65	1	1086461054
1	66	1	1086461054
1	67	1	1086461054
1	68	1	1086461054
1	69	1	1086461054
1	70	1	1086461054
1	71	1	1086461054
1	72	1	1086461054
1	73	1	1086461054
1	74	1	1086461054
1	75	1	1086461054
1	76	1	1086461054
1	77	1	1086461054
1	78	1	1086461134
2	79	1	1114209720
3	79	1	1429231133
4	80	1	1135824154
4	81	1	1135824237
5	82	1	1135993131
5	83	1	1135993156
5	83	1	1135993138
6	84	1	1442643793
6	84	1	1136420626
6	85	1	1136420698
7	86	1	1256155672
8	86	1	1140656366
9	86	1	1173758597
10	86	1	1221035410
11	86	1	1216679215
12	86	1	1154384947
6	86	1	1136421248
13	87	1	1137764847
14	88	1	1277175839
15	88	1	1151850316
14	88	1	1277174361
16	89	1	1331644743
17	89	1	1318359210
12	89	1	1154384947
18	90	1	1160828926
18	91	1	1160828959
14	92	1	1225272803
19	92	1	1162124422
9	93	1	1172577332
9	94	1	1172577906
20	94	1	1493061016
9	94	1	1172577915
21	94	1	1256931472
22	94	1	1277466671
23	95	1	1438817951
20	95	1	1408897394
22	95	1	1256565951
23	95	1	1340184339
24	95	1	1386889690
25	95	1	1323048478
24	95	1	1298054750
22	95	1	1282439835
26	95	1	1475564640
23	95	1	1376390526
23	95	1	1342499964
24	95	1	1308620077
22	95	1	1265753230
26	95	1	1482583094
22	95	1	1278496240
22	95	1	1256569933
20	95	1	1343724931
9	95	1	1172578139
22	95	1	1270750871
23	95	1	1358590095
20	95	1	1463986553
27	95	1	1338072167
22	95	1	1277062523
28	95	1	1354594567
22	95	1	1277890525
20	95	1	1493061020
24	95	1	1292621762
23	95	1	1419949014
23	95	1	1449079751
22	95	1	1275093588
22	96	1	1269305758
20	96	1	1493060994
7	96	1	1255880276
20	96	1	1340949714
20	96	1	1427406074
22	96	1	1259538801
23	96	1	1462236309
20	96	1	1429410076
25	96	1	1326255637
24	96	1	1390829822
25	96	1	1331453849
23	96	1	1440072879
20	96	1	1343287604
24	96	1	1293358409
22	96	1	1266533005
26	96	1	1468007774
22	96	1	1272303334
21	96	1	1256380558
20	96	1	1438858743
25	96	1	1328275353
26	96	1	1473459492
7	96	1	1255880256
22	96	1	1280665924
10	96	1	1304881669
25	96	1	1323050800
9	96	1	1172578259
20	96	1	1423937326
21	96	1	1256986011
23	96	1	1434883191
20	96	1	1406315991
22	96	1	1268973966
29	96	1	1440315313
22	96	1	1256172489
26	96	1	1474375577
21	96	1	1256380319
30	97	1	1487634322
22	97	1	1272494043
20	97	1	1493061028
21	97	1	1275483851
23	97	1	1356261782
30	97	1	1472782782
29	97	1	1423625950
23	97	1	1436120262
22	97	1	1238964687
23	97	1	1476487758
11	97	1	1216037066
21	97	1	1275483878
24	97	1	1292621732
23	97	1	1346576718
22	97	1	1249014572
23	97	1	1340184299
10	97	1	1273164852
24	97	1	1321258129
20	97	1	1464248023
22	97	1	1273220669
22	97	1	1245169891
25	97	1	1331764388
24	97	1	1387054972
9	97	1	1172578354
25	97	1	1324233209
22	97	1	1289122933
20	98	1	1493061041
9	98	1	1172578362
20	98	1	1438597535
23	98	1	1358895097
20	98	1	1343636298
20	98	1	1459606810
23	98	1	1376171918
20	98	1	1410179635
20	98	1	1465043432
24	98	1	1324499843
27	98	1	1320608084
21	98	1	1275483911
22	98	1	1275968923
24	98	1	1293116820
20	98	1	1452804753
24	98	1	1304156859
24	98	1	1299244487
25	98	1	1329847716
23	98	1	1441543832
23	99	1	1446830384
22	99	1	1248592895
20	99	1	1430090888
31	99	1	1211038475
22	99	1	1251373090
21	99	1	1260617899
22	99	1	1279860239
24	99	1	1324778374
20	99	1	1464194361
22	99	1	1280952365
20	99	1	1438153332
23	99	1	1439746301
22	99	1	1242001044
22	99	1	1285192684
9	99	1	1172578461
25	99	1	1323019894
21	99	1	1260617946
24	99	1	1387052106
20	99	1	1493061026
22	99	1	1279723197
22	99	1	1277773799
22	99	1	1265833585
23	99	1	1439622967
23	99	1	1342484421
22	99	1	1249161127
23	99	1	1465636570
11	99	1	1217324430
10	99	1	1304968527
23	99	1	1350900264
22	99	1	1236457700
20	99	1	1458451585
9	100	1	1172578496
9	101	1	1172578507
9	102	1	1172578516
21	103	1	1256931370
32	103	1	1277417976
21	103	1	1256931072
9	103	1	1172587786
21	103	1	1277559725
20	103	1	1493061033
21	103	1	1256986143
10	103	1	1323258063
21	103	1	1256931172
21	103	1	1277560978
20	103	1	1430995090
22	103	1	1277461023
21	103	1	1260617298
21	103	1	1260617313
9	103	1	1172593100
23	104	1	1346513784
22	104	1	1283275743
27	104	1	1336656793
20	104	1	1409063796
27	104	1	1320322050
23	104	1	1373376407
21	104	1	1256986075
22	104	1	1271645863
27	104	1	1336082673
22	104	1	1288256462
22	104	1	1257553659
20	104	1	1439306804
20	104	1	1493061023
9	104	1	1172587812
23	104	1	1369029632
33	104	1	1395586420
25	104	1	1359904943
20	104	1	1458426467
23	104	1	1420141692
23	104	1	1363570138
34	104	1	1467848818
20	104	1	1343726185
22	104	1	1274563062
27	104	1	1335328456
10	104	1	1319480569
22	104	1	1287852302
23	104	1	1376032163
20	104	1	1430050415
25	104	1	1322969103
23	104	1	1369556683
24	104	1	1386636035
35	104	1	1209166528
21	104	1	1256986045
20	104	1	1474678697
21	105	1	1256986311
23	105	1	1340184269
21	105	1	1256380773
22	105	1	1277453254
21	105	1	1270294383
10	105	1	1347097835
9	105	1	1172589635
21	105	1	1256380853
20	105	1	1430995111
20	105	1	1493061030
22	106	1	1280816328
27	106	1	1331395644
20	106	1	1472025821
23	106	1	1419061869
24	106	1	1318973698
26	106	1	1481734530
23	106	1	1367172835
22	106	1	1256565976
22	106	1	1277611536
20	106	1	1383293175
23	106	1	1368556310
25	106	1	1323355026
20	106	1	1360342532
20	106	1	1433621580
23	106	1	1448712376
23	106	1	1376028794
20	106	1	1493061012
23	106	1	1370811337
20	106	1	1424877137
23	106	1	1462360077
29	106	1	1395082609
30	106	1	1488733612
21	106	1	1256380629
9	106	1	1172589659
24	106	1	1304157692
9	107	1	1172589668
22	107	1	1284001730
20	107	1	1493061039
24	107	1	1324393387
23	107	1	1371194379
23	107	1	1350482499
27	107	1	1333268005
22	107	1	1275876221
23	107	1	1342406940
26	107	1	1474198713
22	107	1	1258512445
21	107	1	1256380586
23	107	1	1345664194
22	107	1	1256570045
20	107	1	1390249151
23	107	1	1376125465
23	107	1	1484646558
23	107	1	1421028982
22	107	1	1256565941
22	107	1	1273491656
20	107	1	1409651656
21	108	1	1270293460
20	108	1	1493061034
9	108	1	1172590176
22	109	1	1285117043
24	109	1	1301172381
23	109	1	1369579130
21	109	1	1270293619
22	109	1	1282868149
20	109	1	1407351129
23	109	1	1437579935
20	109	1	1493061014
23	109	1	1440434392
22	109	1	1281391395
9	109	1	1172590199
22	109	1	1287522110
24	109	1	1296478229
23	109	1	1376943988
22	109	1	1273891119
23	109	1	1439732369
22	109	1	1270311979
20	109	1	1463466863
20	109	1	1410953663
25	109	1	1323403947
20	109	1	1383646387
22	109	1	1279793461
24	109	1	1323973678
23	109	1	1340154387
20	109	1	1439293194
20	110	1	1493061036
21	110	1	1257267527
9	110	1	1172590500
22	111	1	1264521491
22	111	1	1264748837
22	111	1	1269712323
24	111	1	1307080748
23	111	1	1440954404
22	111	1	1278024145
22	111	1	1270663677
20	111	1	1464214241
21	111	1	1257267324
22	111	1	1257557220
25	111	1	1323021524
24	111	1	1334998412
23	111	1	1376213219
20	111	1	1493061027
20	111	1	1445803923
20	111	1	1409124365
22	111	1	1265835027
22	111	1	1258614657
23	111	1	1342491216
20	111	1	1343736844
22	111	1	1262537322
9	111	1	1172590526
9	112	1	1172590535
21	112	1	1257267551
24	113	1	1292623492
25	113	1	1331821472
23	113	1	1350608331
22	113	1	1279152277
11	113	1	1214605393
30	113	1	1492123440
30	113	1	1470764781
25	113	1	1323652528
10	113	1	1221237086
22	113	1	1275654758
23	113	1	1441439609
22	113	1	1284006247
27	113	1	1321226271
9	113	1	1172591116
22	113	1	1237703612
23	113	1	1376115384
23	113	1	1447485374
20	113	1	1459494991
21	113	1	1256986698
20	113	1	1409648382
23	113	1	1437182396
23	113	1	1375246650
20	113	1	1493061038
22	113	1	1281825383
22	113	1	1249780977
22	114	1	1277897109
22	114	1	1257539391
20	114	1	1409539226
22	114	1	1273585322
24	114	1	1292621680
23	114	1	1342369836
21	114	1	1257267251
22	114	1	1283317715
22	114	1	1264548157
20	114	1	1383771886
30	114	1	1479617908
20	114	1	1493061033
22	114	1	1262419121
23	114	1	1350561578
9	114	1	1172591175
25	114	1	1324230048
24	114	1	1308539117
22	114	1	1268694112
26	114	1	1473001846
30	114	1	1467059862
21	115	1	1257267180
9	115	1	1172591189
30	116	1	1488745603
9	116	1	1172591331
9	116	1	1172591341
10	116	1	1226853625
22	116	1	1251603475
24	116	1	1387464446
10	116	1	1221237354
22	116	1	1288956155
20	116	1	1493061038
22	116	1	1246017265
9	117	1	1172591357
9	117	1	1172591365
36	118	1	1186967964
20	119	1	1345617034
37	119	1	1188372374
20	119	1	1424808455
20	119	1	1428783754
37	119	1	1188201262
20	120	1	1424268097
20	120	1	1499069706
20	120	1	1349094124
20	120	1	1425384546
20	120	1	1450211764
20	120	1	1428417189
20	120	1	1432567378
20	120	1	1431685262
20	120	1	1439467025
20	120	1	1433534376
37	120	1	1188372394
20	120	1	1424199071
20	120	1	1425996324
20	120	1	1433538266
20	120	1	1418822762
20	120	1	1444037229
20	120	1	1425670548
20	120	1	1429169048
20	120	1	1446151212
20	120	1	1349091089
20	120	1	1417592853
10	120	1	1359122953
20	120	1	1472640843
20	120	1	1419609335
20	120	1	1426165553
20	120	1	1349093347
20	120	1	1442220715
20	120	1	1424768869
20	120	1	1481696273
38	121	1	1280766192
39	121	1	1190313230
39	122	1	1190943867
39	122	1	1190943887
14	123	1	1194173525
14	123	1	1329613739
40	124	1	1217590630
40	124	1	1194866185
37	125	1	1196671649
37	126	1	1196671666
41	127	1	1197419134
42	127	1	1356414813
43	128	1	1198371697
43	129	1	1198371703
44	130	1	1200260902
45	131	1	1200402956
46	132	1	1201215353
46	133	1	1265852313
46	133	1	1201215387
7	133	1	1255735973
39	134	1	1206381417
39	134	1	1206382056
39	134	1	1206381309
39	134	1	1206381369
39	134	1	1206381395
47	135	1	1206610367
48	136	1	1338935599
49	136	1	1314707700
50	136	1	1208430371
48	136	1	1338936775
50	137	1	1208432119
49	137	1	1314707701
48	137	1	1338935607
48	138	1	1338916559
51	138	1	1218628692
48	138	1	1338917881
50	138	1	1208433649
51	139	1	1218628693
48	139	1	1208441419
17	139	1	1318359238
51	140	1	1218628693
48	140	1	1208441453
52	141	1	1212269459
53	142	1	1261737624
53	142	1	1293369604
53	142	1	1213748376
53	142	1	1213806407
53	142	1	1372517859
53	142	1	1336427063
53	143	1	1214155081
45	144	1	1214487701
45	144	1	1214487758
45	145	1	1214487766
54	146	1	1480074947
55	146	1	1466016486
20	146	1	1448309797
56	146	1	1319729785
57	146	1	1292598186
20	146	1	1472205428
54	146	1	1467192513
38	146	1	1293707116
58	146	1	1363570845
45	146	1	1214487829
59	146	1	1367109150
51	147	1	1218628692
51	148	1	1218628693
51	149	1	1218628693
17	149	1	1318359270
10	150	1	1221035468
10	151	1	1221035484
60	152	1	1223027277
14	153	1	1225176640
61	154	1	1225325597
14	155	1	1225350608
61	156	1	1225380009
61	157	1	1225386934
61	158	1	1225387962
61	158	1	1226323098
14	159	1	1225416229
46	160	1	1236652137
14	160	1	1225437907
61	161	1	1225441503
61	162	1	1225441510
61	163	1	1232485932
61	163	1	1225685345
61	163	1	1227882069
61	163	1	1235331147
61	163	1	1240466259
61	163	1	1238722302
61	163	1	1230772618
61	163	1	1225591937
61	163	1	1226017695
61	163	1	1233061438
61	163	1	1225735030
61	163	1	1225464180
61	163	1	1233559493
61	163	1	1225865814
61	163	1	1231593217
61	163	1	1225602824
61	163	1	1234955031
61	163	1	1233103420
61	163	1	1229418090
61	163	1	1226383846
61	163	1	1235500194
61	163	1	1232073133
61	163	1	1225661253
61	163	1	1227107979
61	163	1	1233128230
61	163	1	1225778985
61	163	1	1230236366
61	163	1	1225575790
61	163	1	1238049617
61	163	1	1236131005
61	163	1	1234455871
61	163	1	1232477661
61	163	1	1237342694
61	163	1	1233214640
61	163	1	1225843607
61	163	1	1238076838
61	163	1	1230244111
61	163	1	1226504154
14	164	1	1225533315
62	164	1	1234466481
14	165	1	1225587984
14	166	1	1225684412
14	167	1	1225775463
14	168	1	1225864857
61	169	1	1225935998
61	169	1	1226294385
61	170	1	1226283921
61	170	1	1225947262
61	171	1	1226314019
61	171	1	1225965503
61	172	1	1226242490
63	173	1	1226496924
14	174	1	1226548373
14	175	1	1227256843
14	176	1	1227887901
22	177	1	1233440090
22	177	1	1237703571
22	177	1	1249014520
22	177	1	1235394789
22	177	1	1256565271
25	177	1	1322962510
14	178	1	1234153651
14	179	1	1234569093
14	180	1	1235278230
14	181	1	1235282063
64	182	1	1236639872
14	182	1	1264916886
61	183	1	1237305920
14	184	1	1237618800
14	185	1	1239509542
14	186	1	1239581394
14	187	1	1239585816
14	188	1	1240010812
14	189	1	1240018805
14	190	1	1240083214
14	191	1	1240090786
65	192	1	1242924068
66	193	1	1246039282
20	193	1	1345407773
49	193	1	1274370503
67	193	1	1444904438
66	194	1	1246039289
68	194	1	1284204028
66	195	1	1246039293
68	195	1	1284204038
69	196	1	1248115134
14	197	1	1251841498
14	198	1	1252738300
14	199	1	1252746944
14	200	1	1252818470
46	201	1	1255041267
70	202	1	1308995286
71	202	1	1459520049
72	202	1	1344247038
70	202	1	1308995369
73	202	1	1340825032
7	202	1	1256080459
7	202	1	1256156123
74	202	1	1337680403
73	202	1	1340825081
27	202	1	1325844296
7	202	1	1256080529
16	202	1	1331644685
7	202	1	1255880488
73	202	1	1340825247
7	202	1	1255880604
25	203	1	1323048244
24	203	1	1340472048
23	203	1	1435848718
25	203	1	1339303639
27	203	1	1351105087
24	203	1	1304209564
24	203	1	1312890534
22	203	1	1284101504
22	203	1	1255404081
20	203	1	1493060890
26	203	1	1474376025
42	203	1	1367261503
20	203	1	1430994334
30	203	1	1467059327
20	203	1	1405685633
20	203	1	1466526125
26	203	1	1473264061
23	203	1	1486800614
22	203	1	1284672454
23	203	1	1435419428
26	203	1	1473043715
23	203	1	1434114932
27	203	1	1375135925
22	203	1	1280662447
24	203	1	1296743539
20	203	1	1444218181
24	203	1	1324508536
20	203	1	1442519308
23	203	1	1435046460
20	203	1	1429348387
22	203	1	1279118309
22	204	1	1255403845
30	204	1	1487659012
20	204	1	1493061050
23	204	1	1340184169
26	204	1	1475710579
24	204	1	1313929877
75	205	1	1255470873
75	205	1	1255470960
26	206	1	1474375957
26	206	1	1473443005
22	206	1	1255750200
20	206	1	1429360442
20	206	1	1441420030
24	206	1	1307063120
23	206	1	1435165585
22	206	1	1287753264
24	206	1	1386506390
22	206	1	1284116443
22	206	1	1287244532
25	206	1	1326122468
24	206	1	1292623001
20	206	1	1493060890
22	206	1	1260489757
20	206	1	1341389000
25	206	1	1339404050
26	206	1	1490364020
20	206	1	1343288981
20	206	1	1466531964
22	206	1	1261943337
22	206	1	1279117275
20	206	1	1380800701
7	206	1	1255729176
24	206	1	1294967590
20	206	1	1443377526
23	206	1	1439721381
20	206	1	1443428418
22	206	1	1280664580
20	206	1	1410639112
10	206	1	1287750008
30	207	1	1491189831
22	207	1	1280666513
22	207	1	1262169469
30	207	1	1467059317
25	207	1	1328178198
26	207	1	1474376407
7	207	1	1255729194
20	207	1	1341828836
26	207	1	1473446499
22	207	1	1255750246
20	207	1	1429373157
22	207	1	1284141625
20	207	1	1343288817
23	207	1	1439723301
25	207	1	1326152967
24	207	1	1307063836
20	207	1	1410366094
42	207	1	1369176090
20	207	1	1493060891
23	207	1	1450279181
25	207	1	1339474188
20	207	1	1466535406
24	207	1	1386769083
20	207	1	1358454868
20	207	1	1387816357
20	207	1	1381139281
7	207	1	1255729186
24	207	1	1336001963
25	208	1	1339491978
22	208	1	1261936997
20	208	1	1466539585
24	208	1	1294930315
20	208	1	1343288586
26	208	1	1473510923
23	208	1	1439722859
25	208	1	1327220760
25	208	1	1328196419
24	208	1	1307063767
7	208	1	1255729206
20	208	1	1370105606
26	208	1	1473447955
20	208	1	1429378158
22	208	1	1284096163
20	208	1	1406060632
26	208	1	1474376256
25	208	1	1326169610
20	208	1	1341391994
22	208	1	1280666107
22	208	1	1255750132
20	208	1	1410369477
30	208	1	1467059307
20	208	1	1493060891
23	208	1	1450280986
7	209	1	1255880150
23	210	1	1439722790
24	210	1	1292622961
20	210	1	1493060891
20	210	1	1426540958
20	210	1	1410641912
23	210	1	1450282507
25	210	1	1339526264
24	210	1	1293929230
23	210	1	1435078100
23	210	1	1434114865
22	210	1	1255888576
24	210	1	1294937462
22	210	1	1284102492
29	210	1	1364803056
26	210	1	1476144994
24	210	1	1307168084
30	210	1	1467059297
22	210	1	1280672667
22	210	1	1261928480
26	210	1	1473449732
7	210	1	1255880199
26	210	1	1474375873
20	210	1	1343288421
25	210	1	1326183669
20	210	1	1341392821
24	211	1	1307064513
22	211	1	1255888684
22	211	1	1260491741
20	211	1	1341393864
20	211	1	1466541258
22	211	1	1284106704
20	211	1	1493060892
23	211	1	1450284213
20	211	1	1443211891
30	211	1	1467059287
23	211	1	1435104069
22	211	1	1261930026
26	211	1	1474375791
22	211	1	1280663614
24	211	1	1386768885
23	211	1	1439723723
20	211	1	1429391179
24	211	1	1293342314
24	211	1	1292622683
26	211	1	1473451931
7	211	1	1255880210
20	212	1	1442519360
22	212	1	1280662664
23	212	1	1434114813
22	212	1	1255888500
26	212	1	1473454233
7	212	1	1255880225
28	212	1	1354596005
30	212	1	1467059274
22	212	1	1261928150
26	212	1	1474375724
20	212	1	1341394708
25	212	1	1339573706
20	212	1	1466543425
20	212	1	1493060892
20	212	1	1368641897
24	212	1	1294948313
23	212	1	1450285878
20	212	1	1343287919
23	212	1	1435126922
22	212	1	1284097168
24	212	1	1307064321
20	212	1	1471997841
23	212	1	1439724428
24	213	1	1293353832
26	213	1	1474375650
22	213	1	1280664672
25	213	1	1352400653
23	213	1	1439725494
20	213	1	1443377906
26	213	1	1473457093
20	213	1	1443428510
7	213	1	1255880236
20	213	1	1410643754
24	213	1	1386768808
29	213	1	1378063611
20	213	1	1343287698
20	213	1	1341395737
24	213	1	1307065232
24	213	1	1292622665
20	213	1	1466544192
22	213	1	1284107837
25	213	1	1343013505
20	213	1	1493060993
22	213	1	1255888677
23	213	1	1450287979
22	213	1	1262169279
23	213	1	1435152579
20	213	1	1429404112
21	214	1	1256931421
20	214	1	1430995118
21	214	1	1256380824
23	214	1	1340184309
7	214	1	1255880256
20	214	1	1493061027
21	214	1	1256986859
22	215	1	1261931011
20	215	1	1343287448
22	215	1	1258742101
20	215	1	1493060996
23	215	1	1435179576
20	215	1	1381409785
22	215	1	1255888724
23	215	1	1450293426
7	215	1	1255880290
22	215	1	1280663992
20	215	1	1442519423
24	215	1	1292622501
24	215	1	1319129255
26	215	1	1474375468
24	215	1	1313933505
30	215	1	1467059232
26	215	1	1473460490
23	215	1	1439724976
20	215	1	1341397549
23	215	1	1434114745
20	215	1	1466545915
28	215	1	1354595944
22	215	1	1284100238
26	216	1	1485059492
25	216	1	1358796788
23	216	1	1435077442
20	216	1	1466546769
24	216	1	1307065032
24	216	1	1386768721
20	216	1	1442519415
30	216	1	1491213056
24	216	1	1292622423
26	216	1	1473461426
26	216	1	1473043627
20	216	1	1493060996
23	216	1	1450294483
7	216	1	1255880301
26	216	1	1474375401
30	216	1	1467059222
22	216	1	1255888629
22	216	1	1284113074
23	216	1	1439724960
20	216	1	1381417221
20	216	1	1412609920
22	216	1	1260490371
20	216	1	1341917194
27	216	1	1332945553
20	216	1	1429417598
22	216	1	1280663731
22	216	1	1261934696
24	217	1	1314372907
24	217	1	1292622237
24	217	1	1307065733
20	217	1	1423948569
22	217	1	1277108544
20	217	1	1406471292
22	217	1	1280667173
22	217	1	1261931401
25	217	1	1342282724
30	217	1	1467059212
23	217	1	1439724875
30	217	1	1491216625
26	217	1	1473465431
22	217	1	1256085270
20	217	1	1356126487
22	217	1	1284107805
20	217	1	1493060997
20	217	1	1466547696
23	217	1	1450299203
23	217	1	1434114724
25	217	1	1328318177
20	217	1	1430994174
7	217	1	1256080868
26	217	1	1474376325
25	218	1	1328333656
20	218	1	1457056866
20	218	1	1429433694
22	218	1	1287881914
22	218	1	1284104135
20	218	1	1493061000
7	218	1	1256080878
30	218	1	1467059183
24	218	1	1292622203
23	218	1	1439724828
22	218	1	1256085193
20	218	1	1466547607
22	218	1	1259574444
25	218	1	1343130477
25	218	1	1352517610
20	218	1	1381919810
23	218	1	1434114685
26	218	1	1474376193
22	218	1	1280662753
25	218	1	1342295838
20	218	1	1424005693
26	218	1	1473467391
20	218	1	1356126613
22	218	1	1287610033
22	218	1	1261936547
24	218	1	1307065695
23	218	1	1450300924
24	218	1	1311943919
24	219	1	1386768576
20	219	1	1341401193
23	219	1	1450304750
22	219	1	1263064238
23	219	1	1434114660
26	219	1	1474375328
20	219	1	1429443065
7	219	1	1256080889
23	219	1	1435263709
22	219	1	1284112384
22	219	1	1280662261
20	219	1	1493061000
22	219	1	1261936367
20	219	1	1382005690
30	219	1	1467059163
23	219	1	1446193191
22	219	1	1256085319
22	219	1	1260493962
20	219	1	1424015021
20	219	1	1466549468
26	219	1	1473470185
23	219	1	1439726080
24	219	1	1293378783
20	219	1	1443211784
22	220	1	1284340977
20	220	1	1466550340
26	220	1	1474375269
26	220	1	1473471834
20	220	1	1362592733
22	220	1	1260489516
24	220	1	1307209587
23	220	1	1450306156
23	220	1	1435168149
24	220	1	1390836835
30	220	1	1467059153
20	220	1	1429449165
7	220	1	1256080902
20	220	1	1410648234
23	220	1	1439725993
20	220	1	1493061001
22	220	1	1262501423
24	220	1	1386768478
26	220	1	1483408475
20	220	1	1361128062
20	220	1	1343285514
22	220	1	1280673586
20	220	1	1341995068
22	220	1	1256085336
24	220	1	1292622151
23	221	1	1434114585
20	221	1	1341998607
20	221	1	1466551255
30	221	1	1467059143
26	221	1	1473472661
22	221	1	1256095792
23	221	1	1439725856
22	221	1	1261932426
26	221	1	1474377352
23	221	1	1450306943
24	221	1	1386768393
23	221	1	1435294940
22	221	1	1260492527
20	221	1	1442519458
22	221	1	1281739219
24	221	1	1292622149
24	221	1	1307066447
22	221	1	1284128555
20	221	1	1493061001
23	221	1	1446195327
22	221	1	1280663004
23	222	1	1435318150
26	222	1	1483408943
22	222	1	1256095631
24	222	1	1295358687
26	222	1	1474377317
24	222	1	1386768282
23	222	1	1439726230
20	222	1	1466552925
22	222	1	1280671148
30	222	1	1467059079
22	222	1	1261933101
20	222	1	1443211739
26	222	1	1473475776
23	222	1	1450311499
25	222	1	1342352277
23	222	1	1434114550
24	222	1	1292622127
20	222	1	1493061005
24	222	1	1307213173
22	222	1	1284109222
26	223	1	1473475977
23	223	1	1450311630
25	223	1	1342353677
26	223	1	1474377281
20	223	1	1493061006
23	223	1	1439726173
22	223	1	1277643893
24	223	1	1293391345
30	223	1	1467059069
24	223	1	1309549891
22	223	1	1280664003
24	223	1	1307066346
23	223	1	1434114523
23	223	1	1435168508
7	223	1	1256083682
24	223	1	1292622087
29	223	1	1364803849
22	223	1	1284127342
20	223	1	1382098431
22	223	1	1256095893
20	223	1	1367183592
22	223	1	1261929160
22	224	1	1256096004
22	224	1	1280663188
26	224	1	1473478020
23	224	1	1450313401
22	224	1	1260495967
24	224	1	1307066285
20	224	1	1493061006
24	224	1	1292622049
22	224	1	1261942472
20	224	1	1424030041
22	224	1	1284127023
20	224	1	1443377941
23	224	1	1439726789
20	224	1	1342007522
20	224	1	1443428537
20	224	1	1466554583
20	224	1	1429469750
24	224	1	1386772845
23	224	1	1435168764
7	224	1	1256083693
26	224	1	1474377227
23	225	1	1439727225
23	225	1	1435169111
7	225	1	1256083705
30	225	1	1467059056
22	225	1	1261929335
22	225	1	1281925997
24	225	1	1319554023
23	225	1	1434114487
22	225	1	1280663459
26	225	1	1473485844
23	225	1	1450317687
20	225	1	1493061007
22	225	1	1256095871
22	225	1	1284103533
26	225	1	1474377175
20	225	1	1342076067
29	225	1	1364804191
24	225	1	1294851398
24	225	1	1307067131
21	226	1	1256380521
21	226	1	1302862348
21	227	1	1256380729
20	227	1	1345618450
21	227	1	1277560038
21	228	1	1297709690
21	228	1	1297709746
21	228	1	1297709822
21	228	1	1256380926
21	229	1	1256380974
21	229	1	1297709587
21	229	1	1277202293
75	230	1	1256688159
20	231	1	1382520438
20	231	1	1342080505
20	231	1	1443377833
20	231	1	1443428464
24	231	1	1307224908
24	231	1	1292622028
22	231	1	1261938932
23	231	1	1435169747
22	231	1	1256783823
26	231	1	1474377121
24	231	1	1386772553
26	231	1	1473489205
23	231	1	1450319974
24	231	1	1332182254
20	231	1	1424107768
20	231	1	1493061008
23	231	1	1439726959
24	231	1	1313951539
22	231	1	1280662515
20	231	1	1466559810
29	231	1	1403179544
22	231	1	1260491492
20	231	1	1429491842
25	231	1	1343098908
20	232	1	1493061008
22	232	1	1284114082
29	232	1	1420015959
22	232	1	1256783719
20	232	1	1358537537
20	232	1	1429495169
26	232	1	1474377058
20	232	1	1342082272
26	232	1	1483410225
24	232	1	1386772482
20	232	1	1466561246
22	232	1	1261929661
24	232	1	1307233918
25	232	1	1323826342
25	232	1	1328480143
23	232	1	1439727743
22	232	1	1280662894
26	232	1	1473490256
23	232	1	1450320721
30	232	1	1467059045
24	232	1	1292621979
26	233	1	1474377001
26	233	1	1473492295
23	233	1	1450321899
20	233	1	1430993658
20	233	1	1466561039
29	233	1	1404596895
23	233	1	1434114466
20	233	1	1493061009
24	233	1	1309546382
23	233	1	1439727686
24	233	1	1390074734
20	233	1	1359659881
22	233	1	1260491936
22	233	1	1280665849
24	233	1	1293426812
20	233	1	1457134809
20	233	1	1342084920
26	233	1	1483410435
23	233	1	1435169807
20	233	1	1443377975
24	233	1	1292621913
22	233	1	1284113830
22	233	1	1261930926
20	233	1	1443428562
24	233	1	1307842040
22	233	1	1256783614
20	233	1	1424113022
23	233	1	1467885777
22	234	1	1284135496
22	234	1	1261934897
25	234	1	1343112445
24	234	1	1307844095
26	234	1	1473494295
23	234	1	1450323296
25	234	1	1352828732
20	234	1	1358538546
20	234	1	1493061009
22	234	1	1256783446
24	234	1	1292621881
25	234	1	1323830514
20	234	1	1343284795
25	234	1	1328500761
24	234	1	1294675073
20	234	1	1387716038
22	234	1	1280664295
30	234	1	1467059035
10	234	1	1314303865
20	234	1	1466562233
26	234	1	1474376944
24	234	1	1328936426
30	234	1	1491256430
23	234	1	1434114411
23	234	1	1440177955
22	235	1	1266157139
22	235	1	1260494920
20	235	1	1343291979
24	235	1	1307843987
20	235	1	1412691587
22	235	1	1280663890
24	235	1	1386772347
20	235	1	1424116113
20	235	1	1454318734
23	235	1	1440178397
25	235	1	1323248420
24	235	1	1292621829
22	235	1	1261928390
30	235	1	1467059025
26	235	1	1473494432
23	235	1	1450323526
22	235	1	1256783918
26	235	1	1474376895
20	235	1	1493061010
24	235	1	1327737494
20	235	1	1342088458
26	235	1	1483410614
30	235	1	1491256363
22	235	1	1284103888
23	235	1	1435170134
24	236	1	1292621794
22	236	1	1284109759
20	236	1	1443211833
30	236	1	1467059015
22	236	1	1280662686
20	236	1	1370374194
26	236	1	1474376833
22	236	1	1261935650
23	236	1	1440178687
20	236	1	1466562104
22	236	1	1256783527
23	236	1	1435170045
23	236	1	1434114353
26	236	1	1473494575
23	236	1	1450323813
20	236	1	1343291930
22	236	1	1260856450
20	236	1	1493061010
76	237	1	1256852124
21	238	1	1256986252
20	238	1	1430995112
26	238	1	1469930782
30	238	1	1467059903
20	238	1	1493061029
10	238	1	1323258093
21	238	1	1256931214
21	238	1	1277561624
21	238	1	1260617805
21	239	1	1256931346
23	240	1	1440878586
23	240	1	1377146223
20	240	1	1439306730
20	240	1	1348468831
30	240	1	1485074123
23	240	1	1346538293
23	240	1	1373852269
20	240	1	1458426360
22	240	1	1258389428
23	240	1	1375936121
24	240	1	1324122722
22	240	1	1274509046
24	240	1	1304047156
20	240	1	1493061024
21	240	1	1256986186
22	240	1	1287838332
22	240	1	1284771641
20	240	1	1430050190
20	240	1	1441539105
22	240	1	1256990905
23	240	1	1358646332
26	240	1	1490413462
22	240	1	1260126497
27	240	1	1332206991
20	240	1	1409063649
21	241	1	1256986198
22	242	1	1256990628
22	242	1	1273747335
21	242	1	1256986340
23	242	1	1433009096
20	242	1	1410685943
20	242	1	1493061015
22	242	1	1287086495
20	242	1	1463478627
24	242	1	1318936177
25	242	1	1323424198
20	242	1	1383720669
24	243	1	1324740646
20	243	1	1427493404
21	243	1	1256986886
27	243	1	1320322590
25	243	1	1330061975
20	243	1	1408999944
20	243	1	1345663059
24	243	1	1307917084
20	243	1	1493061021
29	243	1	1440140936
20	243	1	1445705543
22	243	1	1256990768
23	243	1	1346488846
29	243	1	1440313652
22	243	1	1272460473
24	243	1	1386632971
22	243	1	1265330365
20	243	1	1464049627
20	243	1	1430995260
22	243	1	1264519105
30	243	1	1487626149
22	243	1	1272479231
23	243	1	1356177895
23	243	1	1439377487
22	244	1	1258263674
22	244	1	1272718820
30	244	1	1467060211
29	244	1	1356420379
20	244	1	1493061059
20	244	1	1430996845
24	244	1	1387465174
21	245	1	1258799531
77	246	1	1259169482
20	247	1	1493061060
20	248	1	1493061060
20	248	1	1430996835
78	249	1	1260068259
79	250	1	1260441947
79	250	1	1388777455
21	251	1	1260617273
22	252	1	1270814127
21	252	1	1260617402
24	252	1	1387464399
10	252	1	1323268020
22	252	1	1264285797
30	252	1	1467059783
20	252	1	1493061040
20	252	1	1430996192
22	252	1	1260654411
24	252	1	1292623459
21	252	1	1270293236
23	252	1	1449438391
23	252	1	1434115994
23	252	1	1342224117
21	253	1	1260617431
21	254	1	1260617708
21	254	1	1260617754
80	255	1	1314529148
80	255	1	1262254028
22	256	1	1286127792
24	256	1	1387464324
30	256	1	1487661502
22	256	1	1263412099
10	256	1	1314303397
27	256	1	1333748156
20	256	1	1493061050
22	257	1	1263412012
24	257	1	1292622144
81	257	1	1297553895
22	258	1	1287214681
20	258	1	1457087486
10	258	1	1302621855
20	258	1	1493061004
20	258	1	1382095055
20	258	1	1345488272
10	258	1	1304715066
22	258	1	1263412242
20	258	1	1406579152
25	258	1	1356723255
21	258	1	1277560734
25	258	1	1352627255
30	259	1	1467060191
23	259	1	1434116099
24	259	1	1305462870
20	259	1	1493061060
22	259	1	1281219901
24	259	1	1387465151
22	259	1	1263922344
22	260	1	1263922005
30	260	1	1467060201
22	260	1	1279464932
22	260	1	1286098029
20	260	1	1430996837
20	260	1	1493061059
23	261	1	1340184099
22	261	1	1286054548
30	261	1	1487661665
22	261	1	1263927999
10	261	1	1314299598
20	261	1	1493061051
24	261	1	1387464295
20	261	1	1430996158
20	262	1	1493061051
24	262	1	1313929959
30	262	1	1467060247
30	262	1	1487661919
24	262	1	1387464282
26	262	1	1491519177
22	262	1	1263922484
22	262	1	1286073070
23	262	1	1340184059
22	263	1	1286041248
22	263	1	1263923592
30	263	1	1487662225
20	263	1	1493061051
10	263	1	1314303647
23	263	1	1340184029
24	263	1	1310397380
26	263	1	1491523501
22	264	1	1263922424
29	264	1	1400700112
20	264	1	1493061044
26	264	1	1475710597
24	264	1	1387464333
23	264	1	1340184209
22	264	1	1286053523
30	264	1	1487659056
30	265	1	1487662122
26	265	1	1491523742
30	265	1	1489537576
22	265	1	1263922467
24	265	1	1387464271
20	265	1	1493061052
24	265	1	1313933449
23	265	1	1340183989
24	266	1	1387464255
24	266	1	1313951729
23	266	1	1340183949
26	266	1	1491523757
22	266	1	1263926123
20	266	1	1493061052
30	266	1	1487662088
24	267	1	1387464251
27	267	1	1335881893
22	267	1	1286041280
24	267	1	1313933422
30	267	1	1487662493
22	267	1	1263923492
20	267	1	1493061052
30	267	1	1467060237
20	268	1	1493061053
27	268	1	1335882183
26	268	1	1491523781
24	268	1	1387464209
20	268	1	1430996110
22	268	1	1263922519
30	268	1	1487662816
24	268	1	1313933621
24	269	1	1387464187
22	269	1	1263922309
20	269	1	1493061054
24	269	1	1292623434
27	269	1	1335882573
30	269	1	1487662623
30	269	1	1467060227
26	269	1	1491523811
10	269	1	1314300183
24	270	1	1313947844
26	270	1	1491523868
30	270	1	1487663020
22	270	1	1263922127
20	270	1	1493061054
27	270	1	1335882743
27	271	1	1335884077
20	271	1	1493061055
24	271	1	1387465225
22	271	1	1263922086
24	271	1	1313947919
26	271	1	1491523878
26	271	1	1478997332
30	271	1	1487663382
22	271	1	1286041242
30	272	1	1487663439
20	272	1	1493061055
22	272	1	1286042591
26	272	1	1491523868
23	272	1	1340185001
22	272	1	1263922157
20	273	1	1493061054
22	273	1	1286053596
27	273	1	1335883257
22	273	1	1263922931
24	273	1	1313947869
30	273	1	1487663203
20	273	1	1430996882
26	273	1	1491523823
22	274	1	1263923573
20	274	1	1493061059
22	274	1	1286121044
22	275	1	1263922289
20	275	1	1493061044
26	275	1	1491487048
22	275	1	1286136537
22	276	1	1263922478
20	276	1	1493061045
22	276	1	1286041220
22	277	1	1263923512
20	277	1	1493061043
22	278	1	1263922329
30	278	1	1487659034
20	278	1	1493061045
22	278	1	1286041945
22	279	1	1286041985
22	279	1	1263923442
20	279	1	1493061045
22	280	1	1264208825
20	280	1	1493061049
14	281	1	1264238576
14	282	1	1264293088
14	283	1	1264390549
47	284	1	1264400120
14	285	1	1264468661
14	286	1	1264474362
14	287	1	1264553222
14	288	1	1264722573
14	289	1	1264733338
22	290	1	1265633728
20	290	1	1493061046
25	290	1	1329456506
22	290	1	1286044530
26	290	1	1475710590
22	291	1	1266311181
20	291	1	1493061046
22	291	1	1286119488
14	292	1	1264920094
14	293	1	1264922618
14	294	1	1264924251
23	295	1	1340183929
20	295	1	1493061053
30	295	1	1487662827
22	295	1	1286068084
24	295	1	1387464232
22	295	1	1265506698
24	296	1	1387465207
22	296	1	1265523364
29	296	1	1434661540
23	296	1	1340184971
30	296	1	1487470977
20	296	1	1493061055
22	296	1	1286041799
26	296	1	1491523878
30	297	1	1487663934
22	297	1	1265506855
30	297	1	1489538953
23	297	1	1340184932
24	297	1	1325484714
20	297	1	1493061056
26	298	1	1491523899
20	298	1	1493061056
10	298	1	1314301375
27	298	1	1335884686
22	298	1	1265506758
30	298	1	1487664134
26	298	1	1478997630
22	298	1	1286077348
24	299	1	1313951586
20	299	1	1493061057
30	299	1	1487664064
22	299	1	1286041300
27	299	1	1335885346
22	299	1	1265565547
26	300	1	1491487130
22	300	1	1286041228
20	300	1	1493061047
22	300	1	1265506770
22	301	1	1286135817
22	301	1	1265537328
26	301	1	1491487113
20	301	1	1493061047
22	302	1	1265506823
20	302	1	1493061048
22	302	1	1286041225
26	302	1	1491487108
20	303	1	1493061049
26	303	1	1491487196
22	303	1	1265506753
30	303	1	1487659024
22	303	1	1286041235
20	303	1	1344849333
22	304	1	1286081591
22	304	1	1265506717
20	304	1	1493061048
26	304	1	1491487201
22	307	1	1286041213
22	307	1	1265933230
20	307	1	1493061049
14	308	1	1266707448
14	308	1	1379474476
14	309	1	1266718459
22	310	1	1267787896
20	310	1	1430996170
20	310	1	1493061042
24	310	1	1387464344
20	311	1	1493061035
82	312	1	1268601855
81	313	1	1268856626
20	314	1	1422477613
20	314	1	1422042824
20	314	1	1499069712
20	314	1	1432567202
21	314	1	1277561884
20	314	1	1424247127
20	314	1	1420207995
20	314	1	1452871632
20	315	1	1493061042
20	315	1	1430996172
10	315	1	1323258113
21	315	1	1277561663
20	316	1	1475411287
20	316	1	1374835741
20	316	1	1476104121
20	316	1	1424785517
20	316	1	1427892594
21	316	1	1277561906
20	316	1	1421702983
20	316	1	1419805803
10	316	1	1359114308
20	316	1	1419679588
20	316	1	1419352102
20	316	1	1349096225
20	316	1	1426241487
20	316	1	1477042534
20	316	1	1419545136
20	316	1	1424255060
20	316	1	1415101180
20	316	1	1439903444
20	316	1	1466596398
20	316	1	1424282691
20	316	1	1418731599
20	316	1	1499069705
20	316	1	1407755991
20	316	1	1431942638
20	316	1	1425333112
20	316	1	1422015614
20	316	1	1374831317
20	316	1	1420219868
83	317	1	1270105615
84	318	1	1270216804
84	318	1	1379259454
84	319	1	1379259447
84	319	1	1270404587
84	320	1	1270564514
84	320	1	1379259451
14	323	1	1271127999
85	324	1	1364339786
85	324	1	1271204006
49	325	1	1274370717
49	325	1	1316861475
49	326	1	1274370787
22	327	1	1275491845
20	327	1	1393678778
20	327	1	1409670395
25	327	1	1331824196
20	327	1	1438291685
20	327	1	1410521626
20	327	1	1464955404
23	327	1	1365252870
20	327	1	1493061039
24	327	1	1324420442
20	327	1	1446273532
20	327	1	1411931820
24	327	1	1307162756
26	327	1	1478940022
23	327	1	1344356358
29	327	1	1429967633
24	327	1	1295831221
20	327	1	1383518655
20	327	1	1392552524
23	327	1	1449437280
20	327	1	1430541898
21	327	1	1275483946
20	327	1	1459511859
24	327	1	1386882227
86	328	1	1276236471
14	329	1	1277048063
14	330	1	1277053985
14	331	1	1277056079
14	332	1	1277067076
14	333	1	1277159815
14	334	1	1277168815
14	335	1	1277179732
14	336	1	1277181188
14	337	1	1277248201
21	338	1	1277559677
21	339	1	1297710081
21	339	1	1277559777
21	340	1	1277560152
21	341	1	1277560248
21	341	1	1297710142
20	342	1	1430996331
24	342	1	1292621579
10	342	1	1323267664
26	342	1	1478601051
21	342	1	1277560429
20	342	1	1493061035
22	342	1	1277614514
26	342	1	1473049298
23	342	1	1350588724
24	342	1	1387459351
23	342	1	1340184229
24	342	1	1308553149
30	342	1	1487253355
26	342	1	1469930758
10	343	1	1319481738
22	343	1	1277588820
30	343	1	1487253654
23	343	1	1447456482
23	343	1	1363446672
24	343	1	1387413208
23	343	1	1369755269
21	343	1	1277560468
20	343	1	1493061035
22	343	1	1286183896
20	343	1	1430996257
24	343	1	1292621538
10	343	1	1320670866
23	343	1	1373559099
21	344	1	1277560807
21	344	1	1297709315
21	345	1	1297709233
21	345	1	1277560911
23	346	1	1375836224
20	346	1	1429954838
24	346	1	1324093198
24	346	1	1301771501
22	346	1	1277646230
23	346	1	1376898467
23	346	1	1373386561
23	346	1	1367294021
24	346	1	1292621761
21	346	1	1277561079
23	346	1	1350868267
20	346	1	1493061022
20	346	1	1411288238
23	346	1	1346510227
23	346	1	1340184329
21	347	1	1277561095
21	348	1	1277561341
21	348	1	1277562160
21	348	1	1302862116
20	348	1	1493061005
30	348	1	1467059089
24	348	1	1387456540
22	349	1	1279814746
20	349	1	1493061002
26	349	1	1473177120
25	349	1	1328370545
20	349	1	1424024402
20	349	1	1350853130
21	349	1	1277561372
20	349	1	1342001428
30	349	1	1487865216
20	349	1	1463222537
25	349	1	1361174645
24	349	1	1292622148
24	349	1	1307211883
27	349	1	1334741424
20	349	1	1430993895
20	349	1	1345488513
22	349	1	1277634526
25	349	1	1323210186
20	350	1	1424024257
20	350	1	1464880899
30	350	1	1487742244
20	350	1	1463222435
20	350	1	1430993728
30	350	1	1488787891
21	350	1	1277561441
20	350	1	1345488388
29	350	1	1402319138
22	350	1	1277614647
10	350	1	1302376409
20	350	1	1493061003
27	350	1	1334741686
24	350	1	1297633601
20	350	1	1406579306
87	351	1	1322677990
87	351	1	1356645753
87	351	1	1356696616
87	351	1	1308762956
87	351	1	1309107076
14	351	1	1289088316
14	351	1	1277579811
38	352	1	1280766193
14	353	1	1280796694
14	354	1	1280800641
88	355	1	1280960855
88	355	1	1281006766
88	356	1	1281097825
89	357	1	1281141445
89	357	1	1281141599
14	358	1	1281150228
14	359	1	1281154164
14	360	1	1281155728
14	361	1	1281159126
87	362	1	1356645753
14	362	1	1289146258
88	362	1	1281183487
87	362	1	1308800227
87	362	1	1309110838
14	363	1	1281233515
14	364	1	1281235262
88	365	1	1281259083
90	366	1	1281988501
90	367	1	1281988512
91	368	1	1422983202
92	368	1	1282088386
92	369	1	1282088397
91	369	1	1422983202
20	370	1	1382093257
22	370	1	1282773348
20	370	1	1434913856
27	370	1	1334652121
24	370	1	1292622147
20	370	1	1493061002
21	370	1	1282686454
24	370	1	1332863183
26	370	1	1473474521
25	370	1	1352625222
30	370	1	1488787985
25	370	1	1323210106
30	371	1	1467059099
25	371	1	1352642352
20	371	1	1344591111
20	371	1	1493061004
21	371	1	1282686522
22	371	1	1282772870
30	371	1	1489497683
14	372	1	1283021481
20	373	1	1493060999
21	373	1	1283247868
93	374	1	1284617767
93	374	1	1283392555
59	374	1	1408317608
14	375	1	1283394121
93	376	1	1283410862
12	377	1	1285023010
93	378	1	1285795514
93	379	1	1287791356
14	380	1	1289160910
14	381	1	1289173820
93	382	1	1295309459
94	382	1	1327088649
93	382	1	1291480612
95	382	1	1337665964
95	382	1	1360201731
95	382	1	1342549793
93	382	1	1289956071
95	382	1	1349132327
21	383	1	1290018080
24	383	1	1307185027
20	383	1	1370291619
27	383	1	1334933493
24	383	1	1387456657
20	383	1	1406477465
20	383	1	1410858796
20	383	1	1493060997
24	383	1	1292622219
30	383	1	1487735746
21	384	1	1290018140
20	384	1	1424003963
20	384	1	1345403476
20	384	1	1350853208
27	384	1	1334740009
25	384	1	1323188569
24	384	1	1292622209
20	384	1	1430994102
24	384	1	1307185012
20	384	1	1406479205
20	384	1	1493060998
27	385	1	1334741986
20	385	1	1345403332
20	385	1	1430993997
25	385	1	1323188478
24	385	1	1292622208
20	385	1	1493060999
29	385	1	1402317706
21	385	1	1290018230
30	385	1	1487735688
96	386	1	1296214080
96	386	1	1290882233
96	386	1	1296490135
96	386	1	1291153509
96	386	1	1296210972
24	387	1	1292597448
24	387	1	1293722939
25	388	1	1323187812
20	388	1	1493060998
21	388	1	1293046934
20	388	1	1430994027
20	388	1	1344517704
20	389	1	1410858720
21	389	1	1293046984
10	389	1	1302639063
29	389	1	1442842989
20	389	1	1406479043
24	389	1	1293372547
20	389	1	1457054223
20	389	1	1493060999
20	389	1	1345403204
90	390	1	1293736281
97	391	1	1294091706
98	392	1	1296205431
14	393	1	1296443413
58	393	1	1390293506
14	393	1	1333239018
14	394	1	1296535691
14	395	1	1296618006
99	396	1	1296650313
14	397	1	1296784853
23	398	1	1434115537
10	398	1	1302540475
20	398	1	1493061032
23	398	1	1340184259
27	398	1	1327706093
24	398	1	1322498090
21	398	1	1297709379
30	398	1	1472936600
20	398	1	1409325685
81	399	1	1297553926
23	400	1	1448039640
25	400	1	1324029760
24	400	1	1332337678
20	400	1	1406577375
20	400	1	1454617238
25	400	1	1327238629
20	400	1	1430993805
20	400	1	1382095205
20	400	1	1493061003
21	400	1	1297709449
20	400	1	1412649095
20	401	1	1411388787
10	401	1	1364589001
21	401	1	1297709483
20	401	1	1420390180
20	401	1	1364211133
20	401	1	1419353364
20	401	1	1349095903
20	401	1	1428956607
20	401	1	1422042865
20	401	1	1445339750
26	401	1	1492155796
20	401	1	1422388672
20	401	1	1426241167
20	401	1	1421093609
20	401	1	1418891107
20	401	1	1457504374
20	401	1	1419708412
20	401	1	1499069710
20	401	1	1419801902
20	401	1	1389207840
20	401	1	1474273176
20	402	1	1493061036
23	402	1	1373568347
24	402	1	1309430022
24	402	1	1308559094
30	402	1	1487297002
20	402	1	1430499218
23	402	1	1353165609
20	402	1	1409609320
21	402	1	1297710275
23	402	1	1369766426
20	403	1	1389216153
20	403	1	1476184953
20	403	1	1420237665
20	403	1	1466596088
10	403	1	1364590933
20	403	1	1421067361
20	403	1	1364213614
20	403	1	1374841516
20	403	1	1439886095
20	403	1	1419775741
20	403	1	1432567383
20	403	1	1446536624
20	403	1	1426241267
20	403	1	1419352399
20	403	1	1349096408
21	403	1	1297710325
20	403	1	1475411028
20	403	1	1422391420
20	403	1	1470051155
20	403	1	1418906845
20	403	1	1419708709
20	403	1	1499069711
20	403	1	1491988402
20	403	1	1422048166
20	403	1	1418801073
20	404	1	1468226788
20	404	1	1421359996
21	404	1	1297710398
20	404	1	1426241438
20	404	1	1419805163
20	404	1	1499069707
20	404	1	1418720979
20	404	1	1419708986
20	404	1	1419353911
20	404	1	1424255001
20	404	1	1420308028
20	404	1	1448613923
20	404	1	1424282223
20	404	1	1442496814
20	404	1	1470050926
20	404	1	1425332914
20	404	1	1420835178
20	404	1	1422043366
20	404	1	1476103447
20	404	1	1429707210
20	404	1	1425141331
16	405	1	1401157252
16	405	1	1423123564
16	405	1	1298102263
16	405	1	1331645138
14	406	1	1298436349
14	407	1	1301870634
21	408	1	1302862173
20	409	1	1493061004
21	409	1	1302862216
20	409	1	1344589024
30	409	1	1484252882
30	409	1	1488787858
24	409	1	1307212387
20	409	1	1406579217
25	409	1	1326390156
21	410	1	1302862322
21	410	1	1302862366
24	411	1	1387456715
20	411	1	1493060995
100	411	1	1424242634
21	411	1	1302862700
20	412	1	1406321337
23	412	1	1439725240
23	412	1	1450293116
20	412	1	1430994254
25	412	1	1329985434
21	412	1	1302862779
20	412	1	1493060994
20	412	1	1381410019
25	412	1	1326267154
24	412	1	1307065151
20	412	1	1441474314
23	412	1	1451993227
29	412	1	1378659436
25	412	1	1323172851
20	413	1	1419802203
20	413	1	1478299397
20	413	1	1433313741
20	413	1	1419708821
20	413	1	1418815486
20	413	1	1419678365
20	413	1	1432567380
20	413	1	1421184500
21	413	1	1302862867
20	413	1	1470646022
20	413	1	1422043215
20	413	1	1418724644
20	413	1	1499069725
20	413	1	1422389599
20	413	1	1431712666
20	413	1	1420310228
20	413	1	1466601271
20	413	1	1424250730
20	413	1	1439814473
20	413	1	1468593122
20	413	1	1474460086
20	413	1	1446669074
20	413	1	1450822809
20	413	1	1426241417
20	413	1	1419353172
90	414	1	1331478843
14	414	1	1302978840
14	415	1	1302983235
14	416	1	1302995085
14	417	1	1303351908
14	418	1	1305157756
14	418	1	1333912701
93	419	1	1306449878
101	420	1	1314546508
101	420	1	1306476863
93	421	1	1306522058
102	422	1	1332357593
103	422	1	1307397787
87	423	1	1308810132
87	423	1	1308814350
87	424	1	1308814305
70	425	1	1309002030
104	425	1	1473312930
70	425	1	1308956576
70	425	1	1308958866
70	425	1	1308956775
70	426	1	1308957016
70	427	1	1308957126
70	427	1	1308957207
70	428	1	1308957317
70	429	1	1308957348
70	430	1	1308957438
70	430	1	1308957487
70	431	1	1308957532
70	432	1	1308957600
70	433	1	1308957673
70	433	1	1308957738
70	433	1	1308957820
70	434	1	1308957697
70	435	1	1308957803
70	436	1	1308958309
20	436	1	1493061037
70	437	1	1308958528
20	437	1	1493061043
70	438	1	1308958597
105	439	1	1309523068
105	440	1	1309534102
87	441	1	1309540348
87	442	1	1309542452
14	443	1	1309571229
14	444	1	1309579799
14	445	1	1309583812
14	446	1	1309623819
14	447	1	1309632759
106	448	1	1313800181
107	449	1	1313856642
14	450	1	1422213482
14	450	1	1314242804
49	451	1	1314707701
49	452	1	1314707701
14	453	1	1315764190
14	454	1	1315768626
14	455	1	1315773133
102	456	1	1318460918
14	457	1	1318984158
93	458	1	1319842650
93	458	1	1429211995
108	459	1	1497570058
109	459	1	1319996261
110	460	1	1320842107
110	461	1	1320842301
111	462	1	1321040223
111	463	1	1321204827
111	464	1	1321205099
111	464	1	1321204828
112	465	1	1349212130
112	465	1	1321610289
14	466	1	1321748259
14	467	1	1321763803
14	468	1	1321849123
14	469	1	1321920146
14	470	1	1322093798
14	470	1	1321923775
14	471	1	1321927960
14	471	1	1322095460
87	472	1	1322000390
20	472	1	1345407978
14	473	1	1322097462
14	474	1	1322098685
14	475	1	1322099948
14	476	1	1346640151
113	476	1	1322658044
114	477	1	1322945074
114	478	1	1322945257
14	479	1	1323016749
14	480	1	1323047142
14	481	1	1323050768
102	482	1	1325968262
14	483	1	1326050003
93	484	1	1326330208
42	485	1	1368955174
42	485	1	1328961881
42	485	1	1368063007
42	485	1	1327507618
42	485	1	1327387800
42	485	1	1334075653
42	485	1	1327354312
42	485	1	1327499941
42	486	1	1327505458
42	486	1	1327386479
42	486	1	1328974529
42	486	1	1334072197
42	486	1	1327497881
42	486	1	1368913166
42	486	1	1368058859
42	486	1	1327354322
102	487	1	1328131432
14	488	1	1329081452
14	489	1	1329096485
90	490	1	1329327515
90	490	1	1329313842
90	491	1	1329728974
102	492	1	1329746699
102	493	1	1329760681
87	494	1	1329833556
87	495	1	1329837926
87	495	1	1356637683
90	496	1	1330637038
90	497	1	1330705040
16	498	1	1331644685
115	498	1	1348166532
16	499	1	1331644685
14	500	1	1332041346
14	501	1	1333244791
14	502	1	1333420174
14	503	1	1333583164
14	503	1	1333501007
14	504	1	1333588087
14	505	1	1333906060
14	506	1	1333908152
102	507	1	1334114224
14	508	1	1334510689
82	509	1	1335651806
14	510	1	1336324254
14	511	1	1336328137
102	512	1	1338322065
116	513	1	1342493760
116	513	1	1338443637
14	514	1	1338650558
14	515	1	1338656712
14	516	1	1338661472
14	517	1	1339380385
14	518	1	1339993842
100	519	1	1340568286
20	519	1	1340711121
20	520	1	1416953790
20	520	1	1340711344
20	520	1	1416954361
20	520	1	1340604337
102	521	1	1340668049
73	522	1	1340884084
24	522	1	1387464329
20	522	1	1493061048
24	523	1	1387465193
30	523	1	1487664362
73	523	1	1340886826
26	523	1	1491523903
20	523	1	1493061057
20	523	1	1345451402
73	524	1	1340887096
20	524	1	1345451257
26	524	1	1491523928
20	524	1	1493061057
30	524	1	1487664300
20	525	1	1345451189
30	525	1	1487664683
73	525	1	1340887102
20	525	1	1493061058
20	526	1	1345451137
20	526	1	1493061058
30	526	1	1487664672
73	526	1	1340887109
14	527	1	1341260149
14	527	1	1344111132
14	528	1	1344226280
117	528	1	1342276744
14	528	1	1344220246
72	529	1	1344083786
14	530	1	1344112576
14	531	1	1344380832
118	532	1	1345457002
118	532	1	1345456985
56	533	1	1346363014
56	534	1	1346434411
27	534	1	1347173092
27	535	1	1346448610
14	536	1	1346628683
14	537	1	1346633906
14	538	1	1346638222
119	539	1	1348935671
90	540	1	1351192766
90	541	1	1351241070
90	542	1	1351249724
90	543	1	1351249735
14	544	1	1355092678
14	545	1	1355113735
120	546	1	1355256433
112	547	1	1355526640
62	548	1	1491290002
121	548	1	1355727407
102	549	1	1359582874
102	550	1	1359582965
120	551	1	1359912074
122	552	1	1487252492
122	552	1	1417132139
14	552	1	1360031946
14	553	1	1360036168
14	554	1	1361151063
14	555	1	1361156468
123	556	1	1361816876
20	557	1	1493061025
23	557	1	1374762932
123	557	1	1361816980
123	558	1	1361817748
123	559	1	1361817860
123	560	1	1361817906
123	561	1	1361817964
123	562	1	1361817995
20	563	1	1430995342
123	563	1	1361818031
26	563	1	1475984289
20	563	1	1493061019
26	563	1	1469930805
23	563	1	1434115708
23	563	1	1361875683
24	563	1	1387459585
26	563	1	1476174271
30	563	1	1467060031
20	564	1	1493061018
20	564	1	1430995352
123	564	1	1361818073
23	564	1	1434115730
24	564	1	1387459595
23	565	1	1449105362
29	565	1	1406540605
23	565	1	1434115641
20	565	1	1493061021
23	565	1	1452459268
25	565	1	1361913954
123	565	1	1361818128
30	565	1	1477978056
23	566	1	1361959449
20	566	1	1493061011
23	566	1	1462346851
23	566	1	1367086133
23	566	1	1376218108
23	566	1	1486950709
123	566	1	1361818190
30	567	1	1467059002
123	567	1	1361818272
20	567	1	1493061011
23	567	1	1434114331
24	567	1	1387456521
26	567	1	1473502426
23	568	1	1367229132
123	568	1	1361818313
20	568	1	1493061012
20	569	1	1406919306
20	569	1	1493061013
23	569	1	1361976628
30	569	1	1484491398
123	569	1	1361818445
30	569	1	1481330467
23	570	1	1361825376
23	570	1	1369858956
20	570	1	1462345727
23	570	1	1370623049
23	570	1	1364272435
23	570	1	1421280321
20	570	1	1493061014
123	570	1	1361818502
23	570	1	1452140332
23	570	1	1439736158
20	570	1	1457506274
20	570	1	1410960486
123	571	1	1361818598
20	571	1	1466585287
23	571	1	1452155559
23	571	1	1376075816
20	571	1	1383737464
23	571	1	1361831059
123	571	1	1361818658
20	571	1	1493061016
23	571	1	1371985953
20	571	1	1432140917
23	571	1	1373440307
20	571	1	1407701073
23	571	1	1440456593
23	571	1	1421287260
20	571	1	1442996338
23	571	1	1433092581
20	571	1	1447400898
29	571	1	1395832468
23	571	1	1370813448
23	572	1	1419660101
23	572	1	1444931817
24	572	1	1387459646
23	572	1	1376802263
23	572	1	1452313774
123	572	1	1361818693
23	572	1	1362041945
20	572	1	1411143971
29	572	1	1421021607
20	572	1	1441820310
30	572	1	1468273931
29	572	1	1395792008
20	572	1	1493061018
20	573	1	1410392458
30	573	1	1479144225
20	573	1	1447405096
20	573	1	1463518919
23	573	1	1419239329
24	573	1	1388287718
20	573	1	1374171936
20	573	1	1407866845
20	573	1	1493061017
23	573	1	1361842087
123	573	1	1361818781
20	573	1	1425729376
23	573	1	1437919470
23	573	1	1440491993
23	573	1	1373338156
24	574	1	1387317820
20	574	1	1411065500
20	574	1	1430995398
20	574	1	1493061017
23	574	1	1361879433
123	574	1	1361818878
20	575	1	1458256625
123	575	1	1361818981
23	575	1	1361903306
24	575	1	1387459530
23	575	1	1430324907
20	575	1	1493061020
30	575	1	1467060021
23	575	1	1419867101
20	575	1	1408870841
20	576	1	1493061020
23	576	1	1365246443
20	576	1	1408914991
42	576	1	1368957488
25	576	1	1361873240
123	576	1	1361819068
23	576	1	1376531139
20	576	1	1443214164
23	576	1	1373336344
23	576	1	1437365735
20	577	1	1414200132
23	577	1	1369867551
20	577	1	1413247900
23	577	1	1420119292
123	577	1	1361819147
20	577	1	1367183364
23	577	1	1372013502
20	577	1	1409030975
23	577	1	1377014683
25	577	1	1361949438
23	577	1	1370245094
20	577	1	1493061022
30	578	1	1472681012
20	578	1	1411408721
23	578	1	1361822225
20	578	1	1430995156
123	578	1	1361819212
20	578	1	1493061024
20	579	1	1464187189
20	579	1	1493061025
23	579	1	1376097647
20	579	1	1409084986
30	579	1	1482868692
24	579	1	1387052470
20	579	1	1458443161
23	579	1	1361824303
24	579	1	1390337047
123	579	1	1361819341
20	580	1	1409182914
20	580	1	1429859096
29	580	1	1440379682
123	580	1	1361819436
23	580	1	1438854733
20	580	1	1493061029
20	580	1	1474755517
23	580	1	1361839033
23	580	1	1438772777
23	580	1	1376131493
24	581	1	1387456595
20	581	1	1493061000
123	581	1	1361819507
23	581	1	1486876502
30	581	1	1467059173
20	581	1	1430993944
24	582	1	1390579181
20	582	1	1438012771
23	582	1	1376241478
20	582	1	1493061031
20	582	1	1458556534
30	582	1	1479484689
20	582	1	1409231198
23	582	1	1441046544
23	582	1	1439750369
20	582	1	1439311758
123	582	1	1361819576
23	582	1	1420346012
23	582	1	1361847566
23	582	1	1465722905
23	583	1	1451062871
23	583	1	1361862939
20	583	1	1458625634
20	583	1	1411551937
29	583	1	1442693991
20	583	1	1409302596
23	583	1	1376558277
20	583	1	1493061032
123	583	1	1361819646
123	584	1	1361819725
23	584	1	1429058113
23	584	1	1420785335
20	584	1	1409546836
20	584	1	1438207833
23	584	1	1373190403
20	584	1	1383853071
23	584	1	1421948056
23	584	1	1441360022
20	584	1	1493061034
23	584	1	1361902060
29	585	1	1407791444
26	585	1	1473003789
23	585	1	1439819371
20	585	1	1430455967
123	585	1	1361819774
23	585	1	1361906967
23	585	1	1420815285
26	585	1	1481108166
23	585	1	1484634831
30	585	1	1488496930
20	585	1	1439319665
30	585	1	1467059843
20	585	1	1438214011
20	585	1	1383929782
23	585	1	1441368474
30	585	1	1483703298
20	585	1	1493061034
123	586	1	1361819823
58	586	1	1434114979
123	587	1	1361819900
20	588	1	1493061031
23	588	1	1362435485
123	588	1	1361819922
123	589	1	1361820011
20	590	1	1493061023
24	590	1	1387459455
123	590	1	1361820044
123	591	1	1361820092
123	592	1	1361820116
123	593	1	1361820160
20	593	1	1493061040
24	593	1	1387464366
24	594	1	1387459428
123	594	1	1361820224
20	594	1	1493061031
20	594	1	1430995100
123	595	1	1361820243
123	596	1	1361820264
123	597	1	1361820285
23	598	1	1439736857
123	598	1	1361820305
23	598	1	1376168540
30	598	1	1467059892
26	598	1	1474686452
20	598	1	1409202327
20	598	1	1430220960
24	598	1	1386599066
26	598	1	1475594246
30	598	1	1476052626
26	598	1	1475191118
25	598	1	1362072696
20	598	1	1493061030
20	598	1	1464272636
123	599	1	1361820324
102	600	1	1364094527
14	601	1	1364143631
14	602	1	1364147565
14	603	1	1364174066
124	604	1	1451502271
14	604	1	1364175851
125	605	1	1366089739
102	606	1	1367176379
124	607	1	1451505690
126	607	1	1367356832
127	608	1	1408421022
14	608	1	1381707615
127	608	1	1369583246
127	608	1	1384699082
127	608	1	1380429244
14	609	1	1370218802
14	610	1	1372734861
14	611	1	1372821884
128	612	1	1375529112
129	613	1	1376684497
129	614	1	1377992132
84	615	1	1379258901
84	616	1	1379258903
14	617	1	1379283786
14	618	1	1379303502
124	618	1	1451502270
14	619	1	1379464995
14	620	1	1379468555
14	621	1	1379561801
14	622	1	1379563302
14	623	1	1379564628
14	624	1	1379898363
14	625	1	1379899883
14	626	1	1380160609
14	627	1	1380164796
14	628	1	1380396900
14	629	1	1380398258
14	630	1	1380401831
130	630	1	1388052547
14	630	1	1408628326
14	630	1	1438466769
131	630	1	1411919488
132	630	1	1411918016
130	630	1	1391248437
130	630	1	1385796454
14	630	1	1413775128
132	631	1	1411918017
130	631	1	1386743091
14	631	1	1380408363
14	631	1	1414903092
130	631	1	1393935532
130	631	1	1385474460
130	631	1	1391655781
131	631	1	1411919488
14	632	1	1381684895
14	633	1	1381702396
127	633	1	1382878948
127	633	1	1382932723
127	634	1	1382861777
133	635	1	1382905674
134	636	1	1383039020
135	637	1	1384428141
136	638	1	1384699073
137	639	1	1384786114
138	640	1	1384786434
139	641	1	1384975377
140	642	1	1385383965
141	643	1	1386264266
20	643	1	1421053882
20	643	1	1437484185
20	643	1	1421446958
20	643	1	1407845628
20	643	1	1422860702
20	643	1	1428421252
20	643	1	1427971546
20	643	1	1432933069
20	643	1	1417517352
20	643	1	1499069719
20	643	1	1426241676
20	643	1	1424255112
20	643	1	1415101443
20	643	1	1446155054
20	643	1	1466596455
20	643	1	1435733044
20	643	1	1476178537
20	643	1	1425767664
142	644	1	1387293551
143	645	1	1487202917
14	645	1	1390176137
14	646	1	1390255077
14	647	1	1390266230
144	648	1	1390300204
145	649	1	1392385425
145	650	1	1392394032
14	651	1	1393564654
14	652	1	1393571846
138	653	1	1394757189
146	654	1	1395185475
146	654	1	1395427657
146	654	1	1396578764
147	655	1	1396563037
148	656	1	1396597112
149	657	1	1467197404
149	657	1	1415986580
149	657	1	1400531915
59	658	1	1408317608
14	659	1	1408642483
150	659	1	1461691505
14	660	1	1409110938
151	661	1	1447384114
14	661	1	1410626222
14	663	1	1410712278
14	664	1	1411006681
151	664	1	1447384246
48	665	1	1415713494
132	665	1	1411918016
14	665	1	1420955843
14	666	1	1420962428
48	666	1	1415713508
132	666	1	1411918017
131	667	1	1411919488
131	668	1	1411919489
152	669	1	1447337798
152	669	1	1413467900
152	669	1	1447622563
152	670	1	1413467910
91	671	1	1472039963
14	671	1	1416718442
91	671	1	1472135971
91	672	1	1472135971
91	672	1	1472039963
14	672	1	1416724930
122	673	1	1417132138
122	674	1	1417132139
14	675	1	1417326606
29	676	1	1418076825
153	676	1	1418003344
20	676	1	1493061012
14	677	1	1421020692
14	678	1	1421113917
14	679	1	1421117858
14	680	1	1421121799
118	680	1	1424432116
14	680	1	1423376335
91	681	1	1422983202
91	682	1	1422983202
14	683	1	1423371850
14	684	1	1423378501
118	684	1	1424432116
14	685	1	1423709639
14	686	1	1423942422
154	687	1	1424205121
100	688	1	1424242709
100	689	1	1424242789
20	689	1	1429413432
20	689	1	1457032308
20	689	1	1493060996
20	690	1	1424785416
100	690	1	1424251269
20	690	1	1449235043
20	690	1	1424282025
20	690	1	1427719141
100	690	1	1424242934
20	690	1	1425582259
20	690	1	1442496675
20	690	1	1429093593
100	690	1	1424242826
20	690	1	1434969006
20	690	1	1425332772
20	690	1	1466596379
20	690	1	1432567353
34	690	1	1498446654
20	690	1	1426152864
20	690	1	1437641896
100	690	1	1449232407
20	690	1	1428396758
20	690	1	1424251075
20	690	1	1439814798
30	691	1	1467059242
26	691	1	1473460549
20	691	1	1493060995
100	691	1	1424242864
20	691	1	1429413492
20	691	1	1434913555
20	692	1	1476103572
20	692	1	1492897197
100	692	1	1424242930
20	692	1	1470054736
20	692	1	1431549981
20	692	1	1425332546
20	692	1	1468228948
20	692	1	1435348925
20	692	1	1426241465
20	692	1	1432567349
20	692	1	1492601117
20	692	1	1428007512
20	692	1	1499069720
20	692	1	1442497119
100	692	1	1424242899
20	692	1	1424283489
14	693	1	1424394677
91	693	1	1438202361
118	694	1	1424432116
118	695	1	1424432116
14	696	1	1424584376
91	696	1	1438202361
14	697	1	1424586448
48	697	1	1438211072
155	698	1	1424698030
156	699	1	1425844277
20	700	1	1438239435
20	700	1	1443645927
100	700	1	1426237714
20	700	1	1446155411
20	700	1	1427145258
20	700	1	1434046693
20	700	1	1443175942
20	700	1	1426264605
20	700	1	1442498267
20	700	1	1428486449
20	700	1	1426240943
20	700	1	1432932589
20	700	1	1467230356
20	700	1	1440401683
20	700	1	1468571527
20	700	1	1446148506
20	700	1	1466596563
20	700	1	1472803949
20	700	1	1429261991
20	700	1	1468238580
20	700	1	1467320849
20	700	1	1427795947
20	700	1	1499069709
20	700	1	1426523093
20	700	1	1449223489
20	700	1	1433533808
20	700	1	1468186697
20	700	1	1427923521
20	700	1	1426613736
20	700	1	1479885733
20	700	1	1439287977
20	700	1	1432202418
20	700	1	1429008437
20	700	1	1430393724
20	700	1	1440678622
20	700	1	1435308609
20	700	1	1492895781
20	700	1	1427111955
20	700	1	1466773274
20	700	1	1426686123
20	700	1	1432567375
20	700	1	1427389670
20	700	1	1473164685
20	700	1	1431684339
20	700	1	1450360987
20	701	1	1430426845
20	701	1	1426686208
20	701	1	1426241590
20	701	1	1450361469
20	701	1	1466596552
20	701	1	1427954571
100	701	1	1426237748
20	701	1	1443646011
20	701	1	1427192868
20	701	1	1434441645
20	701	1	1479207568
20	701	1	1426264648
20	701	1	1429528213
20	701	1	1431692008
20	701	1	1428996188
20	701	1	1436940758
20	701	1	1438764413
20	701	1	1440678412
20	701	1	1442498526
20	701	1	1427103032
20	701	1	1440162409
100	701	1	1426241879
20	701	1	1491915455
20	701	1	1432932344
20	701	1	1426613756
20	701	1	1427456817
20	701	1	1499069721
20	701	1	1427799126
20	701	1	1426523121
20	701	1	1432550521
20	701	1	1426255094
20	701	1	1446148206
20	701	1	1449234763
20	701	1	1428485485
20	701	1	1433534144
20	702	1	1427954518
20	702	1	1432932470
20	702	1	1426613799
20	702	1	1431948062
20	702	1	1428921578
20	702	1	1442222403
20	702	1	1499069723
20	702	1	1467981761
20	702	1	1440495255
20	702	1	1446148289
20	702	1	1470055663
20	702	1	1434046817
20	702	1	1449129584
20	702	1	1427451382
20	702	1	1442498393
20	702	1	1428486593
100	702	1	1426237760
20	702	1	1443646085
20	702	1	1446155708
20	702	1	1427202244
20	702	1	1450219173
20	702	1	1428484941
20	702	1	1450635148
20	702	1	1429262631
20	702	1	1435668648
20	702	1	1438592773
20	702	1	1427799077
20	702	1	1432567372
20	702	1	1426523103
20	702	1	1470649265
20	702	1	1479211721
20	702	1	1433533926
20	702	1	1442567371
20	702	1	1468219306
20	702	1	1426264799
20	702	1	1439973790
20	702	1	1479979394
20	702	1	1468321181
20	702	1	1430910257
20	702	1	1426241563
20	703	1	1439973919
20	703	1	1468322315
20	703	1	1427799168
20	703	1	1441698709
20	703	1	1429261786
20	703	1	1446155524
20	703	1	1432122655
20	703	1	1450218559
20	703	1	1431553230
20	703	1	1433326971
20	703	1	1499069724
20	703	1	1440678213
20	703	1	1426587909
20	703	1	1467098396
20	703	1	1474055641
20	703	1	1450634880
20	703	1	1432567370
20	703	1	1468585812
20	703	1	1479211564
20	703	1	1427456216
20	703	1	1426264791
20	703	1	1434973792
20	703	1	1426681251
100	703	1	1426237779
20	703	1	1443646169
20	703	1	1427229169
20	703	1	1426241540
20	703	1	1428485303
20	703	1	1427954285
20	703	1	1433941878
20	703	1	1438592849
20	703	1	1470685781
20	703	1	1429047619
20	703	1	1442497728
20	704	1	1432567368
20	704	1	1426241670
20	704	1	1499069714
20	704	1	1443202750
100	704	1	1426237821
20	704	1	1466596512
20	705	1	1432567366
20	705	1	1426241656
100	705	1	1426237835
20	705	1	1426264803
20	705	1	1443185434
20	705	1	1439551068
20	705	1	1426669330
20	705	1	1431637927
20	705	1	1499069715
20	705	1	1471934639
20	705	1	1466596494
20	705	1	1428920650
100	706	1	1426238937
20	706	1	1426264801
100	706	1	1426237851
20	706	1	1449254021
20	706	1	1466596489
20	706	1	1499069716
20	706	1	1426241643
20	707	1	1499069717
20	707	1	1446210036
20	707	1	1466596478
100	707	1	1426237859
20	707	1	1426241634
20	707	1	1431638018
20	708	1	1466596464
20	708	1	1499069718
20	708	1	1471934398
20	708	1	1426241611
20	708	1	1441788274
20	708	1	1429540882
100	708	1	1426237868
20	708	1	1432567364
14	709	1	1426643907
149	710	1	1426838892
149	710	1	1429245711
3	710	1	1429231133
3	711	1	1429231133
149	711	1	1426838892
149	711	1	1429245711
149	712	1	1426838892
149	713	1	1426838893
149	714	1	1426838895
149	714	1	1429245711
3	714	1	1429231133
149	715	1	1429245712
3	715	1	1429231133
149	715	1	1426838896
93	716	1	1429211996
91	717	1	1438202361
91	718	1	1438202361
157	719	1	1438645068
67	720	1	1442547453
158	721	1	1442585182
158	721	1	1442547911
159	722	1	1442548477
159	722	1	1442548915
157	723	1	1443816657
157	724	1	1443816657
157	725	1	1443816657
157	726	1	1443816657
157	727	1	1443816658
157	728	1	1443816658
157	729	1	1443816658
124	730	1	1451502270
124	731	1	1451502271
124	732	1	1451505690
160	733	1	1459871459
150	734	1	1461695650
124	735	1	1462387262
161	736	1	1463823366
54	737	1	1467192514
91	738	1	1472135971
91	739	1	1472135971
104	740	1	1473312931
162	741	1	1479431602
54	742	1	1480075004
143	743	1	1487202917
122	744	1	1487252492
163	745	1	1497289580
163	745	1	1497289819
108	746	1	1497570058
