1	1	1	1075387911
1	2	1	1075387911
1	3	1	1077421134
1	4	1	1086457863
1	5	1	1086457863
1	6	1	1086457863
1	7	1	1086457863
1	8	1	1086457863
1	9	1	1086457863
1	10	1	1086457863
1	11	1	1086457863
1	12	1	1086457863
1	13	1	1086457863
1	14	1	1086457863
1	15	1	1086457863
1	16	1	1086457863
1	17	1	1086457863
1	18	1	1086457863
1	19	1	1086457863
1	20	1	1086457863
1	21	1	1086457863
1	22	1	1086457863
1	23	1	1086457863
1	24	1	1086457863
1	25	1	1086457863
1	26	1	1086457863
1	27	1	1086457863
1	28	1	1086457863
1	29	1	1086457863
1	30	1	1086457863
1	31	1	1086457863
1	32	1	1086457863
1	33	1	1086457863
1	34	1	1086457863
1	35	1	1086457863
1	36	1	1086457863
1	37	1	1086457863
1	38	1	1086457863
1	39	1	1086457863
1	40	1	1086457863
1	41	1	1086457863
1	42	1	1086457863
1	43	1	1086457863
1	44	1	1086457863
1	45	1	1086457863
1	46	1	1086457863
1	47	1	1086457863
1	48	1	1086457863
1	49	1	1086457863
1	50	1	1086457863
1	51	1	1086457863
1	52	1	1086457863
1	53	1	1086457863
1	54	1	1086457863
1	55	1	1086457863
1	56	1	1086457863
1	57	1	1086457863
1	58	1	1086457863
1	59	1	1086457863
1	60	1	1086457863
1	61	1	1086457863
1	62	1	1086457863
1	63	1	1086457863
1	64	1	1086457863
1	65	1	1086457863
1	66	1	1086457863
1	67	1	1086457863
1	68	1	1086457863
1	69	1	1086457863
1	70	1	1086457863
1	71	1	1086457863
1	72	1	1086457863
1	73	1	1086457863
1	74	1	1086457863
1	75	1	1086457863
1	76	1	1086457863
1	77	1	1086457863
1	78	1	1086457935
2	79	1	1136628460
3	79	1	1140655523
4	79	1	1154321002
5	79	1	1171704812
2	80	1	1110319113
2	80	1	1110319508
2	80	1	1110319825
6	81	1	1114168832
6	81	1	1114187204
7	81	1	1429228612
3	82	1	1140655523
8	82	1	1221060935
9	82	1	1243466214
9	82	1	1260102677
10	82	1	1317470891
2	82	1	1332604796
2	82	1	1332605406
2	82	1	1332609690
11	82	1	1351249837
12	82	1	1467062824
13	82	1	1469973713
13	82	1	1489478071
11	82	1	1493239517
3	83	1	1140655523
8	83	1	1221060965
14	83	1	1273578078
10	83	1	1300107643
10	83	1	1324253524
10	83	1	1325701403
15	83	1	1335024882
16	83	1	1435014569
16	83	1	1452560326
16	83	1	1465703201
11	83	1	1493239517
17	84	1	1134306630
18	84	1	1134658543
18	84	1	1138298046
19	84	1	1269502545
20	84	1	1309683378
20	84	1	1319677450
20	84	1	1324522477
20	84	1	1326644528
20	84	1	1329059386
20	84	1	1338599499
20	84	1	1338920932
20	84	1	1339835562
20	84	1	1342728897
20	84	1	1346897052
20	84	1	1347283729
20	84	1	1350356652
20	84	1	1350493799
20	84	1	1351958320
20	84	1	1357679143
20	84	1	1358609387
20	84	1	1359578322
20	84	1	1363205256
20	84	1	1365547260
20	84	1	1366779569
20	84	1	1367294019
20	84	1	1367347420
20	84	1	1369083238
20	84	1	1370310529
20	84	1	1371962696
20	84	1	1372941788
21	84	1	1372949799
20	84	1	1374586242
22	84	1	1374597924
20	84	1	1377026663
20	84	1	1379991033
20	84	1	1380912966
20	84	1	1381264261
20	84	1	1383682655
20	84	1	1384817775
23	84	1	1389854840
23	84	1	1392813044
23	84	1	1393020013
23	84	1	1393616695
23	84	1	1394747814
23	84	1	1396307094
24	84	1	1396891564
23	84	1	1400880571
23	84	1	1403214870
23	84	1	1408642532
23	84	1	1408659324
23	84	1	1409676725
23	84	1	1414346698
23	84	1	1415986493
23	84	1	1425249163
23	84	1	1425499298
23	84	1	1426276006
23	84	1	1428682394
23	84	1	1429592833
23	84	1	1430711310
23	84	1	1431883696
23	84	1	1433533604
23	84	1	1434751237
23	84	1	1434763044
23	84	1	1437714528
23	84	1	1437721775
23	84	1	1438386220
23	84	1	1438395606
23	84	1	1439939392
25	84	1	1439946219
23	84	1	1441217560
23	84	1	1441221581
23	84	1	1441399974
23	84	1	1441403986
23	84	1	1442955670
23	84	1	1443459380
23	84	1	1443464379
23	84	1	1447106263
23	84	1	1447152460
23	84	1	1447796546
11	84	1	1448313769
23	84	1	1448488041
23	84	1	1448980692
23	84	1	1450472292
23	84	1	1451958549
23	84	1	1451962151
23	84	1	1453144019
23	84	1	1459442883
23	84	1	1460927264
23	84	1	1467205571
23	84	1	1467342341
23	84	1	1467732317
23	84	1	1470765825
23	84	1	1473692885
23	84	1	1473772677
23	84	1	1475269869
23	84	1	1475717713
23	84	1	1479081636
23	84	1	1479082287
23	84	1	1481743912
23	84	1	1487190660
23	84	1	1489088595
23	84	1	1489813773
23	84	1	1491536230
23	84	1	1491932088
23	84	1	1492070516
23	84	1	1493838863
23	84	1	1494254498
23	84	1	1494945844
23	84	1	1494969006
23	84	1	1495573571
23	84	1	1496306325
26	84	1	1496336698
23	84	1	1498033686
23	84	1	1499353393
27	85	1	1133776007
27	86	1	1133776138
27	86	1	1133776507
27	87	1	1133776530
27	87	1	1442789165
17	88	1	1134306585
17	89	1	1134306596
28	90	1	1135807482
28	91	1	1135807599
29	92	1	1135883342
30	92	1	1225347805
29	93	1	1135883348
29	93	1	1214073254
31	94	1	1137763200
3	95	1	1140655523
4	95	1	1154321094
32	95	1	1209164986
3	96	1	1140655523
3	97	1	1140655523
33	97	1	1332656214
34	98	1	1151849899
30	98	1	1277174291
30	98	1	1277175722
4	99	1	1154321002
35	99	1	1318103056
36	100	1	1162078516
8	100	1	1221397965
30	100	1	1225272508
37	101	1	1162389713
5	102	1	1163302342
5	102	1	1163310618
5	102	1	1171704692
5	103	1	1163302576
11	103	1	1345617075
11	103	1	1424808282
38	104	1	1179085324
8	104	1	1221060995
39	104	1	1288029946
2	104	1	1303782997
11	104	1	1493239410
18	105	1	1166897668
18	106	1	1166897688
40	107	1	1168724909
40	107	1	1168727287
40	107	1	1168728029
40	107	1	1168728188
40	107	1	1168752452
40	107	1	1168753557
40	107	1	1168814417
40	107	1	1168925265
40	107	1	1170081549
40	108	1	1168728139
40	109	1	1168728964
40	109	1	1168732932
40	109	1	1168752942
40	109	1	1168811817
40	109	1	1168811855
8	109	1	1221061025
9	109	1	1247148281
9	109	1	1251639222
9	109	1	1287908226
39	109	1	1288030142
10	109	1	1291982494
40	109	1	1296751518
8	109	1	1299878922
41	109	1	1320425980
15	109	1	1323447966
10	109	1	1325396367
10	109	1	1326782031
10	109	1	1387229747
11	109	1	1411068769
11	109	1	1425149504
11	109	1	1432068618
11	109	1	1432140832
16	109	1	1444434762
16	109	1	1450601974
11	109	1	1453781954
13	109	1	1474554109
16	109	1	1487442829
11	109	1	1493239397
40	110	1	1168736907
8	110	1	1221060976
9	110	1	1253801198
10	110	1	1293661013
8	110	1	1323267413
12	110	1	1467062556
11	110	1	1493239493
40	111	1	1168737557
2	112	1	1170155697
2	112	1	1170155883
5	112	1	1171705570
40	113	1	1171369107
5	114	1	1171704601
42	115	1	1189788413
42	116	1	1189788431
11	116	1	1349091144
11	116	1	1349093323
11	116	1	1349094051
8	116	1	1359123093
11	116	1	1417593005
11	116	1	1418822739
11	116	1	1419609283
11	116	1	1424199030
11	116	1	1424267887
11	116	1	1424768725
11	116	1	1425384229
11	116	1	1425670499
11	116	1	1425995700
43	116	1	1426074493
11	116	1	1426093826
11	116	1	1426167986
11	116	1	1427112042
11	116	1	1428919845
11	116	1	1429167458
11	116	1	1431685047
11	116	1	1432579300
11	116	1	1433534328
11	116	1	1433538215
11	116	1	1439466969
11	116	1	1442220546
11	116	1	1444037165
11	116	1	1446151175
11	116	1	1450211717
11	116	1	1472640798
11	116	1	1481696234
11	116	1	1499082631
44	117	1	1190416510
44	117	1	1190416523
44	117	1	1192711671
44	117	1	1194629102
44	117	1	1196043335
44	118	1	1190417053
42	119	1	1192172904
30	120	1	1192944624
30	120	1	1329613130
45	121	1	1194047051
45	121	1	1200087737
46	122	1	1260441477
46	122	1	1260441504
47	122	1	1313850790
47	122	1	1313852129
48	122	1	1333612568
13	122	1	1469972902
49	122	1	1469973139
50	123	1	1196733462
51	123	1	1356415993
52	124	1	1199115624
53	125	1	1205103609
53	126	1	1205103614
54	127	1	1206607034
55	128	1	1212284924
55	128	1	1212286321
32	129	1	1212376777
56	130	1	1213747836
56	130	1	1213816595
56	130	1	1261738349
56	130	1	1293373469
56	130	1	1336428219
56	130	1	1372518995
56	131	1	1214151470
57	132	1	1218442104
8	133	1	1221034024
8	134	1	1221034034
53	135	1	1221620885
30	135	1	1225437469
58	136	1	1223025436
59	137	1	1224281506
30	138	1	1225176038
60	139	1	1225319574
60	140	1	1225323963
60	141	1	1225375005
60	142	1	1225378804
60	142	1	1226321798
60	143	1	1225394031
60	144	1	1225394070
30	145	1	1225414835
60	146	1	1225460007
60	146	1	1225571264
60	146	1	1225589513
60	146	1	1225601378
60	146	1	1225657846
60	146	1	1225684133
60	146	1	1225731541
60	146	1	1225776774
60	146	1	1225840131
60	146	1	1225863734
60	146	1	1225882716
60	146	1	1226014891
60	146	1	1226381332
60	146	1	1226501971
60	146	1	1227105499
60	146	1	1227879739
60	146	1	1229415289
60	146	1	1230232367
60	146	1	1230242090
60	146	1	1230770337
60	146	1	1231590020
60	146	1	1232071015
60	146	1	1232475168
60	146	1	1232484277
60	146	1	1233059728
60	146	1	1233100845
60	146	1	1233125799
60	146	1	1233212060
60	146	1	1233558045
60	146	1	1234453516
60	146	1	1234952478
60	146	1	1235329794
60	146	1	1235498293
60	146	1	1236129753
60	146	1	1237341345
60	146	1	1238047248
60	146	1	1238075905
60	146	1	1238720078
60	146	1	1240464703
30	147	1	1225533116
30	148	1	1225587757
30	149	1	1225684003
30	150	1	1225775142
30	151	1	1225864613
60	152	1	1225934120
60	153	1	1225945888
60	154	1	1225962516
60	154	1	1226312774
60	155	1	1226239737
61	156	1	1226495718
30	157	1	1226548107
30	158	1	1227255626
30	159	1	1227887615
30	160	1	1234153496
30	161	1	1234568939
30	162	1	1235278092
30	163	1	1235281926
60	164	1	1237303667
30	165	1	1237618657
30	166	1	1239508295
30	167	1	1239581259
30	168	1	1239585691
30	169	1	1240010626
30	170	1	1240018664
30	171	1	1240083077
30	172	1	1240090656
62	173	1	1242924680
9	174	1	1243465779
9	174	1	1251639219
9	174	1	1276186239
15	174	1	1322963590
63	175	1	1243466254
64	176	1	1246038246
65	176	1	1274368793
11	176	1	1345407933
66	176	1	1444927469
64	177	1	1246038254
67	177	1	1284203348
64	178	1	1246038259
67	178	1	1284203358
68	179	1	1248108330
30	180	1	1251841205
30	181	1	1252738129
30	182	1	1252746774
30	183	1	1252818314
69	184	1	1256687415
70	185	1	1256849398
71	186	1	1259168507
72	187	1	1260048241
46	188	1	1260441530
30	189	1	1264238494
30	190	1	1264293021
54	191	1	1264355467
30	192	1	1264390480
30	193	1	1264468585
30	194	1	1264474297
30	195	1	1264553146
30	196	1	1264722368
30	197	1	1264733283
30	198	1	1264920037
30	199	1	1264922554
30	200	1	1264924191
30	201	1	1266707389
30	201	1	1379474411
30	202	1	1266718397
73	203	1	1268601520
74	204	1	1268920371
75	205	1	1270105757
76	206	1	1270215254
76	206	1	1379189244
76	207	1	1270403827
76	207	1	1379189247
76	208	1	1270562937
76	208	1	1379189251
77	209	1	1270570874
30	210	1	1271127901
14	211	1	1273577407
65	212	1	1274368980
65	212	1	1316861178
65	213	1	1274369109
2	214	1	1303783003
9	216	1	1276187396
9	216	1	1288398973
41	216	1	1320426870
15	216	1	1323672790
16	216	1	1346974963
16	216	1	1350673660
11	216	1	1411976460
16	216	1	1435063954
11	216	1	1493239553
8	217	1	1277159642
8	217	1	1277646852
8	217	1	1282901956
8	217	1	1282911184
10	217	1	1283448810
78	217	1	1285717269
78	217	1	1286205552
10	217	1	1289090356
8	217	1	1307642787
8	217	1	1327075960
8	217	1	1327325508
8	217	1	1327432357
8	217	1	1327575687
8	217	1	1327584775
11	217	1	1341864771
11	217	1	1346657812
8	217	1	1364318402
11	217	1	1366960285
11	217	1	1366968741
11	217	1	1374831278
11	217	1	1407928318
11	217	1	1418042252
11	217	1	1418390258
11	217	1	1418766093
11	217	1	1418851188
11	217	1	1419353427
11	217	1	1420216412
11	217	1	1421058529
11	217	1	1421962344
11	217	1	1422385549
11	217	1	1422956209
11	217	1	1424284638
11	217	1	1425143886
11	217	1	1426093898
11	217	1	1427112188
11	217	1	1427229441
11	217	1	1428955692
11	217	1	1431504122
11	217	1	1432582336
11	217	1	1443645762
11	217	1	1457384727
11	217	1	1467189730
11	217	1	1470054887
11	217	1	1470661770
11	217	1	1476218314
11	217	1	1499082634
8	219	1	1277159261
8	219	1	1277741661
8	219	1	1277834117
8	219	1	1277850527
10	219	1	1289091229
8	219	1	1307642707
8	219	1	1327075921
11	219	1	1349086983
11	219	1	1366968362
11	219	1	1417612956
11	219	1	1419682556
11	219	1	1420216942
11	219	1	1420387020
11	219	1	1421963836
11	219	1	1422276763
11	219	1	1422469736
11	219	1	1426076952
11	219	1	1432581935
11	219	1	1446668611
11	219	1	1499082637
2	224	1	1303782856
11	224	1	1345618574
9	226	1	1276217726
9	226	1	1276289506
9	226	1	1277454840
9	226	1	1278844099
9	226	1	1283037472
9	226	1	1283501349
10	226	1	1304150771
41	226	1	1320426938
15	226	1	1322973308
41	226	1	1333703582
10	226	1	1335005518
11	226	1	1343632465
16	226	1	1367503356
16	226	1	1369782855
16	226	1	1371842178
16	226	1	1376141501
11	226	1	1382385600
11	226	1	1410173546
11	226	1	1411986815
11	226	1	1413958131
16	226	1	1421199098
11	226	1	1438592989
11	226	1	1439324282
16	226	1	1441534449
16	226	1	1449480772
11	226	1	1459599845
12	226	1	1471080693
12	226	1	1479809067
11	226	1	1493239554
9	227	1	1276188094
9	227	1	1278847083
9	227	1	1281541055
9	227	1	1283277696
9	227	1	1283492744
10	227	1	1304147229
8	227	1	1319498185
41	227	1	1320429603
15	227	1	1322973377
15	227	1	1323674106
15	227	1	1331245986
41	227	1	1334565754
10	227	1	1335005623
41	227	1	1335988665
11	227	1	1343641875
16	227	1	1376119857
16	227	1	1422069572
16	227	1	1441531253
12	227	1	1487425941
11	227	1	1493239554
8	228	1	1276589368
8	228	1	1277747332
8	228	1	1277794131
8	228	1	1277822779
8	228	1	1277893558
8	228	1	1277902043
8	228	1	1282903829
10	228	1	1283449397
78	228	1	1286201715
8	228	1	1307639520
10	228	1	1315178534
8	228	1	1331708151
11	228	1	1341862685
11	228	1	1343284909
11	228	1	1343825521
11	228	1	1349096354
8	228	1	1359117316
11	228	1	1374831486
11	228	1	1374835885
11	228	1	1407756117
11	228	1	1415102499
11	228	1	1418730854
11	228	1	1419352058
11	228	1	1419545089
11	228	1	1419679453
11	228	1	1419805765
11	228	1	1420219719
11	228	1	1421702938
11	228	1	1422015246
11	228	1	1424281105
11	228	1	1424785445
11	228	1	1425333324
11	228	1	1426093908
11	228	1	1427112292
11	228	1	1427891382
11	228	1	1431941681
11	228	1	1439903174
11	228	1	1466765906
11	228	1	1476104099
11	228	1	1477042506
11	228	1	1499082638
9	229	1	1276191549
10	229	1	1323601002
16	229	1	1346885350
16	229	1	1350928645
16	229	1	1356120435
11	229	1	1411142999
11	229	1	1427481457
12	229	1	1488907555
11	229	1	1493239405
2	230	1	1303782860
9	232	1	1276187715
9	232	1	1281390690
9	232	1	1288394931
10	232	1	1300326504
41	232	1	1320425587
15	232	1	1332226027
16	232	1	1347154522
16	232	1	1348546981
16	232	1	1358754836
16	232	1	1367554796
10	232	1	1388189402
16	232	1	1438688881
16	232	1	1438976091
16	232	1	1440705067
11	232	1	1441878615
11	232	1	1446773842
11	232	1	1458216143
12	232	1	1489513702
13	232	1	1490406481
11	232	1	1493239431
9	233	1	1276214985
9	233	1	1281391762
9	233	1	1283454626
9	233	1	1287280134
10	233	1	1293646495
41	233	1	1334244237
16	233	1	1348573888
16	233	1	1350721374
16	233	1	1376192969
11	233	1	1380711331
11	233	1	1408213879
16	233	1	1441555374
11	233	1	1462344807
12	233	1	1487449603
11	233	1	1493239558
8	234	1	1277147395
8	234	1	1277211168
8	234	1	1277745008
8	234	1	1277900157
10	234	1	1283448162
78	234	1	1286205181
10	234	1	1289089481
10	234	1	1315177146
8	234	1	1319474418
8	234	1	1327074176
8	234	1	1327335025
8	234	1	1327335936
8	234	1	1327583830
8	234	1	1331902722
11	234	1	1341864695
11	234	1	1349079672
11	234	1	1349098097
11	234	1	1366960189
11	234	1	1374834076
11	234	1	1389182309
11	234	1	1407756671
11	234	1	1415095951
11	234	1	1418373777
11	234	1	1418729641
11	234	1	1419353764
11	234	1	1419708869
11	234	1	1420219653
11	234	1	1420307797
11	234	1	1420835160
11	234	1	1421359964
11	234	1	1422043491
11	234	1	1424282407
11	234	1	1425141096
11	234	1	1425333062
11	234	1	1426093906
11	234	1	1427112288
11	234	1	1429707112
11	234	1	1442496714
11	234	1	1448613662
11	234	1	1468226766
11	234	1	1470050898
11	234	1	1476103417
11	234	1	1499082635
9	235	1	1276186426
39	235	1	1280528373
39	235	1	1280528552
11	235	1	1493239387
9	236	1	1276188526
9	236	1	1276346551
9	236	1	1279416279
39	236	1	1280528597
9	236	1	1281281213
9	236	1	1283102989
9	236	1	1285550338
9	236	1	1287307038
15	236	1	1323051861
15	236	1	1326105484
15	236	1	1328098008
15	236	1	1330395735
11	236	1	1343289366
15	236	1	1358530400
11	236	1	1374775160
11	236	1	1405703999
11	236	1	1423678197
11	236	1	1427386805
11	236	1	1429357060
16	236	1	1440001946
16	236	1	1462181190
11	236	1	1493239352
9	237	1	1276187932
39	237	1	1280528641
9	237	1	1280575469
9	237	1	1283101639
10	237	1	1304242775
8	237	1	1323022866
10	237	1	1325441911
10	237	1	1325536484
10	237	1	1326566418
15	237	1	1337932460
15	237	1	1343917970
16	237	1	1348620078
16	237	1	1367842745
51	237	1	1368913252
16	237	1	1373199572
11	237	1	1407442540
11	237	1	1410969636
11	237	1	1429579481
16	237	1	1440449586
11	237	1	1447101658
11	237	1	1463482199
16	237	1	1468099131
16	237	1	1487434349
11	237	1	1493239394
9	238	1	1276194804
9	238	1	1277090928
9	238	1	1278603662
39	238	1	1280528699
9	238	1	1281024078
9	238	1	1284272011
15	238	1	1323170385
51	238	1	1353258781
16	238	1	1367112414
16	238	1	1370302221
16	238	1	1373204112
16	238	1	1376821171
11	238	1	1407338824
11	238	1	1424976764
11	238	1	1432134225
12	238	1	1467061382
13	238	1	1469973133
16	238	1	1479034567
16	238	1	1487406674
11	238	1	1493239386
11	243	1	1345408678
11	243	1	1345622328
2	246	1	1332605427
79	247	1	1276236342
8	256	1	1277148199
8	256	1	1277210263
8	256	1	1277213765
8	256	1	1277298810
8	256	1	1277643981
8	256	1	1277746352
8	256	1	1277749443
8	256	1	1277794848
8	256	1	1277795580
8	256	1	1282897383
78	256	1	1284250935
78	256	1	1286157930
8	256	1	1307638989
8	256	1	1308058691
10	256	1	1315173423
80	256	1	1324355749
8	256	1	1327072956
11	256	1	1341863696
11	256	1	1345543388
11	256	1	1349080159
11	256	1	1349094777
11	256	1	1364209865
11	256	1	1374835471
11	256	1	1389207736
11	256	1	1407926814
11	256	1	1415103892
11	256	1	1418374469
11	256	1	1419355731
11	256	1	1419708224
11	256	1	1420215450
11	256	1	1420715336
11	256	1	1421007980
11	256	1	1421961195
11	256	1	1422371401
11	256	1	1424283656
11	256	1	1425332720
11	256	1	1426093886
11	256	1	1428007445
11	256	1	1431549948
11	256	1	1432582326
11	256	1	1435348903
11	256	1	1442497043
11	256	1	1468228933
11	256	1	1470054707
11	256	1	1476103559
11	256	1	1492601089
11	256	1	1492897187
11	256	1	1499082632
11	257	1	1341865283
11	257	1	1343287887
11	257	1	1344344182
11	257	1	1346657199
11	257	1	1349089976
11	257	1	1349091135
11	257	1	1349098993
8	257	1	1359122274
11	257	1	1364210613
8	257	1	1364318432
11	257	1	1366960491
81	257	1	1368994043
11	257	1	1407847232
11	257	1	1415103427
11	257	1	1417516466
11	257	1	1421053827
11	257	1	1421446928
11	257	1	1422859355
11	257	1	1424282663
11	257	1	1425767625
11	257	1	1427112289
11	257	1	1427971495
11	257	1	1428421213
11	257	1	1432932993
11	257	1	1435732970
11	257	1	1437484121
11	257	1	1446155045
11	257	1	1466765070
11	257	1	1476178508
11	257	1	1499082644
9	258	1	1276359396
39	258	1	1280528626
10	258	1	1305108512
8	258	1	1344699349
12	258	1	1467063801
11	258	1	1493239567
8	259	1	1276600770
8	259	1	1277899031
8	259	1	1282898959
78	259	1	1285801292
8	259	1	1307637597
8	259	1	1307736539
10	259	1	1315184847
8	259	1	1319472701
8	259	1	1319732113
8	259	1	1327071701
8	259	1	1327324554
8	259	1	1327577945
11	259	1	1341863567
11	259	1	1346654243
11	259	1	1349078798
11	259	1	1363951816
11	259	1	1366959895
11	259	1	1389178749
11	259	1	1407756195
11	259	1	1418286346
11	259	1	1418912705
11	259	1	1419679373
11	259	1	1421054229
11	259	1	1421961893
11	259	1	1422278750
11	259	1	1422371954
11	259	1	1425140352
11	259	1	1425291037
11	259	1	1426093900
11	259	1	1432582338
11	259	1	1467189833
13	259	1	1476919573
11	259	1	1499082633
9	260	1	1276359144
39	260	1	1280528658
8	260	1	1319380171
8	260	1	1323023035
10	260	1	1336297624
16	260	1	1350738679
16	260	1	1352836637
16	260	1	1365891784
11	260	1	1493239559
9	261	1	1276364126
39	261	1	1280528672
10	261	1	1293058817
10	261	1	1300957692
82	261	1	1353918547
11	261	1	1380831691
12	261	1	1488618699
11	261	1	1493239559
78	262	1	1276389875
78	262	1	1276391312
8	262	1	1277155801
8	262	1	1282899924
11	262	1	1341868099
11	262	1	1343284305
11	262	1	1343911900
11	262	1	1346668738
11	262	1	1346673385
11	262	1	1364209385
11	262	1	1366960048
11	262	1	1389184180
11	262	1	1418391115
11	262	1	1418888008
11	262	1	1419679801
11	262	1	1420308303
11	262	1	1420708873
11	262	1	1421230065
11	262	1	1421935380
11	262	1	1422395365
11	262	1	1426093904
11	262	1	1430215999
11	262	1	1445939024
49	262	1	1498099602
9	263	1	1276359602
39	263	1	1280528723
9	263	1	1283621917
15	263	1	1323224540
15	263	1	1326545173
15	263	1	1330474511
11	263	1	1342092958
16	263	1	1350661492
16	263	1	1367792594
16	263	1	1373172567
10	263	1	1386504699
11	263	1	1406808852
11	263	1	1427402350
13	263	1	1489201017
11	263	1	1493239367
8	264	1	1276594607
8	264	1	1282898034
10	264	1	1283626069
83	264	1	1284921123
8	264	1	1307643229
8	264	1	1307732233
10	264	1	1315180513
8	264	1	1319477099
11	264	1	1343904747
11	264	1	1346658081
11	264	1	1349081443
11	264	1	1349167884
11	264	1	1349167981
8	264	1	1364318344
11	264	1	1366969906
11	264	1	1411146269
11	264	1	1418126664
11	264	1	1418735552
11	264	1	1418812650
11	264	1	1419677805
11	264	1	1419706757
11	264	1	1419800839
11	264	1	1420389303
11	264	1	1421961911
11	264	1	1422280204
11	264	1	1426093839
11	264	1	1432582307
11	264	1	1439498338
11	264	1	1442408997
11	264	1	1467189570
11	264	1	1471434310
13	264	1	1476919480
11	264	1	1499082639
8	265	1	1277160842
8	265	1	1282902931
10	265	1	1283626614
78	265	1	1286205982
8	265	1	1307644490
10	265	1	1315181135
8	265	1	1327077711
8	265	1	1327330606
8	265	1	1327576517
8	265	1	1327583969
11	265	1	1341868359
11	265	1	1345554208
11	265	1	1346658478
11	265	1	1349081202
11	265	1	1374835571
11	265	1	1389214927
11	265	1	1407931683
11	265	1	1411389874
11	265	1	1418736636
11	265	1	1419354991
11	265	1	1419708460
11	265	1	1420453509
11	265	1	1421928309
11	265	1	1424284832
11	265	1	1426093902
11	265	1	1427112203
11	265	1	1427797011
11	265	1	1427907433
11	265	1	1432582324
11	265	1	1446627977
13	265	1	1476918826
11	265	1	1499082640
8	266	1	1276589413
8	266	1	1277730203
8	266	1	1277902183
8	266	1	1282908964
10	266	1	1283447459
78	266	1	1286206668
10	266	1	1289084675
8	266	1	1307646946
8	266	1	1307965097
10	266	1	1315176593
8	266	1	1327333375
8	266	1	1331903176
11	266	1	1346669076
11	266	1	1349080645
11	266	1	1364213407
11	266	1	1366965855
11	266	1	1407935189
11	266	1	1415102484
11	266	1	1418300923
11	266	1	1418732416
11	266	1	1418850763
11	266	1	1419357127
11	266	1	1419677925
11	266	1	1419708090
11	266	1	1420216353
11	266	1	1420408628
11	266	1	1421184255
11	266	1	1422042662
11	266	1	1422391607
11	266	1	1424284166
11	266	1	1426093896
11	266	1	1427112185
11	266	1	1428956722
11	266	1	1432582334
11	266	1	1442496850
11	266	1	1457385339
11	266	1	1470051109
11	266	1	1476351908
13	266	1	1492156200
11	266	1	1499082641
9	267	1	1276358245
39	267	1	1280528748
16	267	1	1435501751
11	267	1	1493239367
9	268	1	1276360421
39	268	1	1280528761
16	268	1	1367098552
11	268	1	1493239367
9	269	1	1276357985
39	269	1	1280528782
8	269	1	1323024279
16	269	1	1362217282
16	269	1	1435183177
16	269	1	1446221970
12	269	1	1467061362
11	269	1	1493239387
9	270	1	1276358451
39	270	1	1280528578
10	270	1	1293659286
10	270	1	1328013499
15	270	1	1335006856
16	270	1	1348265688
16	270	1	1350240779
8	270	1	1350722474
10	270	1	1386509356
16	270	1	1429815114
16	270	1	1446221980
12	270	1	1467061372
11	270	1	1493239386
8	271	1	1277162441
8	271	1	1277744275
78	271	1	1286728506
10	271	1	1289095132
8	271	1	1307648066
10	271	1	1315182410
8	271	1	1327079063
11	271	1	1343909192
11	271	1	1345548039
11	271	1	1346663454
11	271	1	1349081726
8	271	1	1359120859
11	271	1	1364212385
11	271	1	1366963459
11	271	1	1418802101
11	271	1	1419706532
11	271	1	1420391443
11	271	1	1421356410
11	271	1	1422042011
11	271	1	1422277445
11	271	1	1423915636
11	271	1	1426093832
11	271	1	1428505640
11	271	1	1432582301
11	271	1	1446633277
11	271	1	1476175700
11	271	1	1499082631
8	272	1	1277158434
8	272	1	1282901479
8	272	1	1282908321
10	272	1	1283449705
78	272	1	1286160150
10	272	1	1289953942
8	272	1	1307641977
8	272	1	1319521654
8	272	1	1327327870
11	272	1	1341864437
11	272	1	1349080868
84	272	1	1361623849
11	272	1	1366961036
11	272	1	1374837417
11	272	1	1389207994
11	272	1	1407926552
11	272	1	1411144047
11	272	1	1411389272
11	272	1	1418370703
11	272	1	1418392146
11	272	1	1418889113
11	272	1	1419251396
11	272	1	1419352963
11	272	1	1419683574
11	272	1	1419709399
11	272	1	1420386709
11	272	1	1420452881
11	272	1	1421524494
11	272	1	1422051604
11	272	1	1422396309
11	272	1	1427112117
11	272	1	1428955744
11	272	1	1433832128
11	272	1	1439814998
11	272	1	1446669490
11	272	1	1467189960
11	272	1	1470045106
13	272	1	1476919179
11	272	1	1499082636
9	273	1	1276360815
9	273	1	1278717201
9	273	1	1279415736
9	273	1	1280955064
9	273	1	1281279162
9	273	1	1285556446
9	273	1	1287247703
10	273	1	1304213526
15	273	1	1323177537
15	273	1	1326277283
15	273	1	1331470408
11	273	1	1343286818
11	273	1	1406393258
11	273	1	1423943122
11	273	1	1441478512
11	273	1	1463170647
12	273	1	1467061018
11	273	1	1468699109
11	273	1	1493239357
10	274	1	1307921658
8	274	1	1344695245
12	274	1	1467063545
11	274	1	1493239555
9	275	1	1276359476
39	275	1	1280528822
9	275	1	1287202786
10	275	1	1307180542
15	275	1	1323222751
15	275	1	1326277083
11	275	1	1350978968
11	275	1	1359491549
51	275	1	1368187787
11	275	1	1381415796
11	275	1	1406396441
11	275	1	1410851817
11	275	1	1423943030
16	275	1	1444071925
16	275	1	1446108670
11	275	1	1468699011
13	275	1	1469972903
11	275	1	1493239358
9	276	1	1276359064
9	276	1	1277079103
9	276	1	1278590248
9	276	1	1281022300
9	276	1	1286088979
10	276	1	1300866251
15	276	1	1323540392
15	276	1	1328136674
15	276	1	1340392709
11	276	1	1343820831
16	276	1	1350972468
15	276	1	1354792019
16	276	1	1367332251
10	276	1	1386889224
11	276	1	1409009393
11	276	1	1427494231
11	276	1	1431689794
16	276	1	1445194200
12	276	1	1468928694
13	276	1	1475121976
12	276	1	1479407513
13	276	1	1487819746
11	276	1	1493239469
9	277	1	1276358559
8	277	1	1323001571
11	277	1	1351164411
16	277	1	1435789024
11	277	1	1493239464
9	278	1	1276360159
10	278	1	1291671105
15	278	1	1323274144
15	278	1	1328136444
11	278	1	1343820766
16	278	1	1350866649
16	278	1	1367708734
16	278	1	1373361027
11	278	1	1409009305
11	278	1	1411287262
11	278	1	1427494197
16	278	1	1440853634
11	278	1	1458347471
11	278	1	1493239469
9	279	1	1276360186
39	279	1	1280528871
10	279	1	1307150282
8	279	1	1319441812
8	279	1	1323002500
15	279	1	1330068450
8	279	1	1344695825
16	279	1	1373361323
10	279	1	1387724726
11	279	1	1411287304
12	279	1	1468928718
11	279	1	1493239468
9	280	1	1276359643
10	280	1	1308177263
10	280	1	1308191613
10	280	1	1321902612
15	280	1	1328136794
8	280	1	1344695665
11	280	1	1493239468
9	281	1	1276358968
15	281	1	1323267618
10	281	1	1325516811
15	281	1	1328137993
11	281	1	1343819694
16	281	1	1348457881
16	281	1	1367781083
16	281	1	1373358958
11	281	1	1427494375
11	281	1	1432191437
16	281	1	1440852736
16	281	1	1446794884
11	281	1	1458347732
12	281	1	1468927942
12	281	1	1486708147
11	281	1	1493239467
9	282	1	1276359548
10	282	1	1308692038
10	282	1	1308710181
10	282	1	1323382004
8	282	1	1344699419
16	282	1	1435392548
11	282	1	1493239565
9	283	1	1276359141
10	283	1	1308342877
10	283	1	1308357261
10	283	1	1313566853
8	283	1	1323015148
16	283	1	1348803558
16	283	1	1435095356
11	283	1	1493239567
9	284	1	1276358310
8	284	1	1319380401
8	284	1	1323000215
10	284	1	1336297740
16	284	1	1350737659
16	284	1	1352835566
16	284	1	1365890953
11	284	1	1493239561
9	285	1	1276359813
41	285	1	1320432590
11	285	1	1354264659
11	285	1	1380831497
11	285	1	1493239560
9	286	1	1276358084
41	286	1	1320432620
16	286	1	1434442714
12	286	1	1467063508
11	286	1	1493239560
39	287	1	1280315037
39	287	1	1280315145
39	287	1	1280356637
39	287	1	1280422426
12	287	1	1467063555
11	287	1	1493239554
9	288	1	1276564901
9	288	1	1276992818
9	288	1	1278146563
9	288	1	1279799737
39	288	1	1280423684
9	288	1	1281278987
9	288	1	1282098985
15	288	1	1323174376
15	288	1	1326270971
15	288	1	1331464925
11	288	1	1343287391
11	288	1	1375032739
11	288	1	1406391951
11	288	1	1423941423
16	288	1	1438016793
11	288	1	1438863867
16	288	1	1440077779
16	288	1	1462239912
11	288	1	1468696465
11	288	1	1493239356
9	289	1	1276551216
9	289	1	1276986337
39	289	1	1280423650
15	289	1	1323268149
10	289	1	1325510153
15	289	1	1328138373
15	289	1	1330358780
16	289	1	1348444809
16	289	1	1367704546
11	289	1	1408998711
11	289	1	1427493552
16	289	1	1438715791
11	289	1	1441975870
16	289	1	1446791672
11	289	1	1458336732
11	289	1	1493239466
9	292	1	1276558908
39	292	1	1280423634
9	292	1	1283411498
15	292	1	1333398907
16	292	1	1347083511
16	292	1	1348647105
16	292	1	1350813449
16	292	1	1434982060
11	292	1	1493239563
8	293	1	1277802948
8	293	1	1282898702
78	293	1	1286728501
10	293	1	1289090193
8	293	1	1307686917
8	293	1	1307729636
8	293	1	1319492841
8	293	1	1327132859
11	293	1	1343284495
11	293	1	1345538721
11	293	1	1346655132
8	293	1	1359135713
11	293	1	1411131860
11	293	1	1418733292
11	293	1	1419674747
11	293	1	1420308782
11	293	1	1420453384
11	293	1	1420754806
11	293	1	1421523982
11	293	1	1421934377
11	293	1	1422384433
11	293	1	1426093888
11	293	1	1427112168
11	293	1	1429706180
11	293	1	1432582330
11	293	1	1446474507
11	293	1	1450442057
11	293	1	1472502060
11	293	1	1499082642
9	294	1	1276578807
9	294	1	1276986739
39	294	1	1280423553
9	294	1	1287253172
10	294	1	1307179085
15	294	1	1323222821
15	294	1	1326271181
11	294	1	1350979197
11	294	1	1359489495
11	294	1	1412607441
11	294	1	1423941440
11	294	1	1429415138
16	294	1	1438016873
16	294	1	1446108161
11	294	1	1468696559
11	294	1	1493239356
9	295	1	1276541577
39	295	1	1280423671
8	295	1	1319379791
10	295	1	1324529914
10	295	1	1336294013
16	295	1	1350738129
16	295	1	1352836057
16	295	1	1365891363
11	295	1	1423675587
12	295	1	1487458508
11	295	1	1493239560
9	296	1	1276555855
9	296	1	1276990890
39	296	1	1280423717
9	296	1	1283787757
10	296	1	1292336980
10	296	1	1307147934
8	296	1	1323033657
15	296	1	1330063506
16	296	1	1350861430
16	296	1	1373354816
16	296	1	1375070599
11	296	1	1411281019
11	296	1	1432190529
12	296	1	1468923743
12	296	1	1472606840
11	296	1	1493239465
9	297	1	1276808373
39	297	1	1280423567
9	297	1	1282893867
10	297	1	1307180475
8	297	1	1319448271
15	297	1	1324143347
15	297	1	1352452026
11	297	1	1381417269
11	297	1	1412609958
16	297	1	1446315053
11	297	1	1493239358
9	298	1	1276800228
39	298	1	1280423580
9	298	1	1282894106
10	298	1	1313761955
15	298	1	1352407425
11	298	1	1357853473
11	298	1	1381395295
11	298	1	1423934659
11	298	1	1493239354
30	299	1	1276993158
30	300	1	1277067018
30	301	1	1277159759
30	302	1	1277168757
30	303	1	1277179679
30	304	1	1277181139
30	305	1	1277248146
30	306	1	1277342116
30	306	1	1289088246
85	306	1	1308761351
85	306	1	1309106666
85	306	1	1322676607
85	306	1	1356644357
85	306	1	1356695186
39	307	1	1280314603
39	307	1	1280314942
9	307	1	1280383564
39	307	1	1280423538
9	307	1	1289078077
8	307	1	1323033906
10	307	1	1325510245
11	307	1	1343815313
16	307	1	1350925285
16	307	1	1367327408
11	307	1	1413223565
11	307	1	1431712549
16	307	1	1438715851
12	307	1	1468923658
13	307	1	1474374174
13	307	1	1487821056
11	307	1	1493239466
39	308	1	1280314625
9	308	1	1280383585
39	308	1	1280423731
10	308	1	1291661598
15	308	1	1323247052
15	308	1	1328127695
15	308	1	1330042557
15	308	1	1339968515
16	308	1	1350671321
16	308	1	1367631937
11	308	1	1408791048
11	308	1	1427051946
16	308	1	1438549187
16	308	1	1440673118
11	308	1	1458189990
11	308	1	1493239408
39	309	1	1280315182
9	309	1	1280383158
39	309	1	1280423703
9	309	1	1283829982
10	309	1	1294498032
10	309	1	1321902547
15	309	1	1328130499
15	309	1	1339559265
16	309	1	1346695240
16	309	1	1351001429
11	309	1	1493239444
39	310	1	1280356710
9	310	1	1280383130
39	310	1	1280423594
9	310	1	1283412044
10	310	1	1294498043
16	310	1	1347137754
16	310	1	1350872585
16	310	1	1434982785
12	310	1	1467063791
11	310	1	1493239567
39	311	1	1280356737
9	311	1	1280382773
39	311	1	1280423746
9	311	1	1283829963
10	311	1	1325473603
16	311	1	1346718995
16	311	1	1438065353
11	311	1	1493239458
39	312	1	1280422992
39	312	1	1280779872
39	312	1	1280779888
39	313	1	1280423057
39	313	1	1280423081
39	313	1	1280423090
9	313	1	1280428409
8	313	1	1323030372
15	313	1	1330070185
16	313	1	1360708342
16	313	1	1373291307
16	313	1	1437023281
12	313	1	1467061970
12	313	1	1491564717
11	313	1	1493239430
39	314	1	1280423136
9	314	1	1280428577
12	314	1	1467063173
11	314	1	1493239536
39	315	1	1280423171
9	315	1	1280430638
10	315	1	1291662487
15	315	1	1323246061
15	315	1	1328126931
15	315	1	1337963097
16	315	1	1350711416
16	315	1	1351074387
16	315	1	1367603131
16	315	1	1373292003
11	315	1	1408821383
11	315	1	1427480980
16	315	1	1440703531
11	315	1	1458215127
11	315	1	1493239428
39	316	1	1280423199
9	316	1	1280429695
10	316	1	1307093491
8	316	1	1323030869
15	316	1	1330047359
16	316	1	1346682135
16	316	1	1350799435
16	316	1	1373294470
11	316	1	1411179816
16	316	1	1434951721
13	316	1	1469973373
13	316	1	1490412813
11	316	1	1493239431
39	317	1	1280423227
9	317	1	1280429241
10	317	1	1294965384
10	317	1	1295023101
10	317	1	1321902585
15	317	1	1328126571
15	317	1	1330040616
16	317	1	1346680388
16	317	1	1350979655
11	317	1	1493239429
39	318	1	1280423310
9	318	1	1280429819
39	318	1	1280528897
9	318	1	1289037792
8	318	1	1323027131
10	318	1	1325459653
15	318	1	1328126431
11	318	1	1343635179
16	318	1	1350711105
16	318	1	1367254022
16	318	1	1373291643
10	318	1	1386518462
11	318	1	1408821266
11	318	1	1427480825
11	318	1	1432173939
13	318	1	1469973379
11	318	1	1493239429
39	319	1	1280423350
9	319	1	1280431021
9	319	1	1282098461
9	319	1	1285550230
9	319	1	1287203762
10	319	1	1304210182
15	319	1	1323047534
15	319	1	1326203950
15	319	1	1331412255
15	319	1	1335002986
11	319	1	1343288261
15	319	1	1352352676
11	319	1	1374955486
11	319	1	1406226269
11	319	1	1423925451
11	319	1	1427397075
16	319	1	1440046058
11	319	1	1466542546
11	319	1	1468669448
11	319	1	1493239353
39	320	1	1280423461
9	320	1	1280428146
9	320	1	1283829936
12	320	1	1467063133
11	320	1	1493239538
39	321	1	1280423821
9	321	1	1280429788
9	321	1	1287161965
10	321	1	1307170434
8	321	1	1323028698
15	321	1	1326204170
15	321	1	1346243270
11	321	1	1381302907
11	321	1	1406226354
11	321	1	1410838651
11	321	1	1423925542
11	321	1	1429392968
11	321	1	1468669549
11	321	1	1493239352
39	322	1	1280423879
9	322	1	1280428732
10	322	1	1295044562
8	322	1	1323035130
16	322	1	1347128000
16	322	1	1350861417
10	322	1	1386705085
11	322	1	1493239565
39	323	1	1280423941
9	323	1	1280428589
8	323	1	1323029070
15	323	1	1333450533
16	323	1	1347083301
16	323	1	1371613702
16	323	1	1435094954
11	323	1	1493239564
39	324	1	1280423993
9	324	1	1280429800
10	324	1	1304224627
15	324	1	1323250286
10	324	1	1324011460
10	324	1	1325472840
15	324	1	1328129480
15	324	1	1337970020
16	324	1	1348619852
16	324	1	1367606485
11	324	1	1408855937
11	324	1	1427480102
11	324	1	1432178446
16	324	1	1440736698
11	324	1	1441900551
11	324	1	1446785467
11	324	1	1458244374
12	324	1	1468478221
12	324	1	1486550460
11	324	1	1493239442
39	325	1	1280424038
9	325	1	1280451958
39	325	1	1280528845
8	325	1	1319379911
8	325	1	1323028728
15	325	1	1330238019
10	325	1	1336294110
16	325	1	1350737088
16	325	1	1351356391
16	325	1	1352834595
16	325	1	1365892971
11	325	1	1493239562
39	326	1	1280424075
9	326	1	1280451215
10	326	1	1295051679
10	326	1	1304280026
11	326	1	1350852433
11	326	1	1380900667
11	326	1	1493239563
39	327	1	1280528423
39	327	1	1280528504
9	327	1	1280547011
12	327	1	1467063163
11	327	1	1493239536
39	328	1	1280779047
39	328	1	1280779232
9	328	1	1280786518
12	328	1	1467063153
11	328	1	1493239537
39	329	1	1280779068
39	329	1	1280779246
86	329	1	1280808121
16	329	1	1446872024
11	329	1	1493239518
39	330	1	1280779218
9	330	1	1280787106
10	330	1	1292521183
10	330	1	1316457337
16	330	1	1348253907
16	330	1	1356239439
16	330	1	1438961871
16	330	1	1465653647
11	330	1	1493239495
39	331	1	1280779269
9	331	1	1280788578
9	331	1	1287154915
10	331	1	1307207314
8	331	1	1323018567
15	331	1	1324248795
15	331	1	1326349147
51	331	1	1368184637
11	331	1	1382004221
11	331	1	1406557392
11	331	1	1424014301
11	331	1	1429443185
11	331	1	1468731912
11	331	1	1493239362
39	332	1	1280779291
9	332	1	1280786812
9	332	1	1282893931
10	332	1	1304280135
10	332	1	1313761986
15	332	1	1342288062
15	332	1	1346369630
15	332	1	1352500638
11	332	1	1357850852
11	332	1	1412621736
11	332	1	1493239359
39	333	1	1280779311
39	333	1	1280779342
9	333	1	1280786707
8	333	1	1323020457
16	333	1	1371323911
12	333	1	1467062891
11	333	1	1493239508
39	334	1	1280779361
9	334	1	1280789279
10	334	1	1291679809
15	334	1	1323275639
10	334	1	1325534058
15	334	1	1328141586
15	334	1	1335085743
11	334	1	1344244303
16	334	1	1367873484
16	334	1	1373421394
11	334	1	1409138028
11	334	1	1427489121
11	334	1	1443211605
11	334	1	1458480788
12	334	1	1485128168
11	334	1	1493239508
39	335	1	1280779380
9	335	1	1280788424
10	335	1	1304184108
10	335	1	1313943789
10	335	1	1315841742
8	335	1	1323020057
15	335	1	1330089630
16	335	1	1346782044
16	335	1	1373421064
11	335	1	1411441281
12	335	1	1469057218
11	335	1	1493239509
39	336	1	1280779406
9	336	1	1280787905
8	336	1	1323017238
15	336	1	1328141055
15	336	1	1335085543
10	336	1	1337272349
16	336	1	1368632011
11	336	1	1409137887
16	336	1	1436092403
12	336	1	1478078848
12	336	1	1488290623
11	336	1	1493239509
39	337	1	1280779433
9	337	1	1280788347
8	337	1	1323017878
10	337	1	1325518845
15	337	1	1340397125
16	337	1	1346775787
11	337	1	1351510915
16	337	1	1367328608
16	337	1	1373412009
10	337	1	1386523665
11	337	1	1411429949
11	337	1	1427489934
12	337	1	1469021508
11	337	1	1493239494
39	338	1	1280779520
9	338	1	1280790343
9	338	1	1281276156
9	338	1	1285549009
9	338	1	1287203790
10	338	1	1304215821
15	338	1	1323050680
15	338	1	1326329703
15	338	1	1331523322
11	338	1	1343286403
11	338	1	1375034654
11	338	1	1406485294
11	338	1	1424008784
11	338	1	1427399563
16	338	1	1440103990
16	338	1	1446190301
11	338	1	1466548615
11	338	1	1468723484
11	338	1	1493239360
39	339	1	1280779570
9	339	1	1280788949
9	339	1	1281024150
9	339	1	1282876641
9	339	1	1285881749
8	339	1	1323032209
10	339	1	1325533576
15	339	1	1328141846
15	339	1	1332365471
16	339	1	1367588369
16	339	1	1372028504
10	339	1	1386599589
11	339	1	1409138685
11	339	1	1427489326
11	339	1	1430142738
11	339	1	1432212380
16	339	1	1434897846
11	339	1	1439445612
11	339	1	1442175704
16	339	1	1446846431
11	339	1	1447655798
11	339	1	1458481195
13	339	1	1469973742
13	339	1	1474878555
12	339	1	1486845349
11	339	1	1493239507
39	340	1	1280779619
9	340	1	1280787253
9	340	1	1282081935
8	340	1	1323032429
16	340	1	1347131845
16	340	1	1373792573
16	340	1	1435095008
12	340	1	1467063821
11	340	1	1493239566
39	341	1	1280779697
39	341	1	1280779708
9	341	1	1280787604
8	341	1	1319380051
8	341	1	1323018627
10	341	1	1336297558
16	341	1	1352835236
16	341	1	1365890473
16	341	1	1371406505
16	341	1	1373194253
10	341	1	1390785217
11	341	1	1493239562
39	342	1	1280779731
9	342	1	1280786868
11	342	1	1353579904
11	342	1	1380831390
11	342	1	1410226497
12	342	1	1488619695
11	342	1	1493239562
39	343	1	1280779906
9	343	1	1280786525
12	343	1	1467063183
11	343	1	1493239535
30	344	1	1280796627
30	345	1	1280800582
39	346	1	1280866886
12	346	1	1467063297
11	346	1	1493239519
39	347	1	1280866925
9	347	1	1280886504
12	347	1	1467063143
11	347	1	1493239537
39	348	1	1280867031
9	348	1	1280887356
9	348	1	1289053871
15	348	1	1323575298
11	348	1	1340881632
16	348	1	1350452453
16	348	1	1367405125
16	348	1	1373426572
10	348	1	1390345557
11	348	1	1410733379
11	348	1	1427488591
11	348	1	1462952831
12	348	1	1469072743
13	348	1	1469973727
11	348	1	1493239511
39	349	1	1280867055
9	349	1	1280888363
10	349	1	1307186790
15	349	1	1324236701
15	349	1	1326325847
15	349	1	1329974616
11	349	1	1345404828
51	349	1	1368187136
11	349	1	1381922308
11	349	1	1406483796
11	349	1	1410860898
11	349	1	1424007826
11	349	1	1427399782
16	349	1	1434883070
16	349	1	1444081277
16	349	1	1462261191
12	349	1	1467060987
13	349	1	1473467647
12	349	1	1484202285
11	349	1	1493239360
39	350	1	1280867072
9	350	1	1280890147
9	350	1	1282894133
8	350	1	1283025106
10	350	1	1313762020
10	350	1	1320509278
11	350	1	1357853441
11	350	1	1382607779
10	350	1	1386879417
11	350	1	1493239366
39	351	1	1280867127
9	351	1	1280886484
8	351	1	1323010738
16	351	1	1370000780
10	351	1	1386705057
16	351	1	1435095422
12	351	1	1467063811
11	351	1	1493239566
39	352	1	1280867189
9	352	1	1280887939
9	352	1	1281023277
9	352	1	1283101644
10	352	1	1292364688
10	352	1	1308152933
15	352	1	1323565993
15	352	1	1328142556
10	352	1	1333319633
16	352	1	1351062847
16	352	1	1367860776
16	352	1	1373460984
10	352	1	1386893264
11	352	1	1409122878
11	352	1	1427489686
11	352	1	1430187445
16	352	1	1434897922
16	352	1	1436031658
11	352	1	1458470663
13	352	1	1469973585
13	352	1	1473043443
12	352	1	1486834340
11	352	1	1493239497
39	353	1	1280867212
9	353	1	1280890533
9	353	1	1280955877
9	353	1	1281279801
9	353	1	1282856280
9	353	1	1285550135
9	353	1	1287203816
10	353	1	1297501270
15	353	1	1323047243
15	353	1	1331527635
11	353	1	1343286219
51	353	1	1368186137
51	353	1	1368956863
11	353	1	1406486377
11	353	1	1424010383
11	353	1	1441501033
11	353	1	1463197351
12	353	1	1467060973
13	353	1	1478148672
11	353	1	1493239361
39	354	1	1280867234
9	354	1	1280892243
9	354	1	1283787997
10	354	1	1307080035
15	354	1	1323565633
15	354	1	1330084703
16	354	1	1346776738
16	354	1	1373413386
11	354	1	1410730309
16	354	1	1435190508
16	354	1	1446839478
12	354	1	1469030222
12	354	1	1485118183
12	354	1	1486834732
13	354	1	1490410732
11	354	1	1493239498
39	355	1	1280867252
9	355	1	1280888752
10	355	1	1291679695
15	355	1	1323275329
15	355	1	1328140925
15	355	1	1332369750
11	355	1	1340881640
16	355	1	1347832421
16	355	1	1367877797
16	355	1	1373423700
11	355	1	1409144969
11	355	1	1427488977
11	355	1	1458485046
12	355	1	1485132700
11	355	1	1493239511
39	356	1	1280867272
9	356	1	1280886738
8	356	1	1323013718
16	356	1	1369611797
16	356	1	1436084551
12	356	1	1467062949
13	356	1	1469973749
11	356	1	1493239498
39	357	1	1280867307
9	357	1	1280887067
8	357	1	1323013029
16	357	1	1347083501
16	357	1	1368364932
11	357	1	1400097363
11	357	1	1465358212
11	357	1	1493239564
39	358	1	1280867349
9	358	1	1280886584
8	358	1	1319380291
8	358	1	1323012769
10	358	1	1336297693
16	358	1	1352835426
16	358	1	1365890663
16	358	1	1368297694
11	358	1	1380831400
11	358	1	1410226508
11	358	1	1459673150
11	358	1	1493239561
39	359	1	1280867370
9	359	1	1280886410
82	359	1	1353918553
11	359	1	1380831465
11	359	1	1410226564
11	359	1	1459673224
11	359	1	1493239561
87	360	1	1280960796
87	360	1	1281006690
87	361	1	1281097752
30	362	1	1281150074
30	363	1	1281154102
30	364	1	1281155672
30	365	1	1281159066
87	366	1	1281183415
30	366	1	1289146174
85	366	1	1308799602
85	366	1	1309110439
85	366	1	1356644362
30	367	1	1281233454
30	368	1	1281235206
87	369	1	1281259029
88	370	1	1281987145
88	371	1	1281987145
89	372	1	1282087979
90	372	1	1422986701
89	373	1	1282087990
90	373	1	1422986702
30	374	1	1283021431
10	375	1	1283388301
10	375	1	1291846376
10	375	1	1293723452
91	376	1	1283392486
91	376	1	1284617569
92	376	1	1408317609
30	377	1	1283394057
91	378	1	1283410726
93	379	1	1283552578
94	379	1	1284513648
95	379	1	1319726669
96	379	1	1352096194
11	379	1	1448309776
97	379	1	1465939376
11	379	1	1472205361
39	380	1	1284220724
39	380	1	1284220737
10	380	1	1316590401
11	380	1	1493239538
39	381	1	1284220785
39	381	1	1284220846
94	382	1	1284513670
94	383	1	1284513762
83	384	1	1284922052
4	385	1	1285023608
91	386	1	1285795310
91	387	1	1287791176
39	388	1	1288030383
9	388	1	1288037010
9	388	1	1288364322
10	388	1	1291863489
10	388	1	1304218567
8	388	1	1322996941
15	388	1	1324281789
15	388	1	1330361249
11	388	1	1350643110
11	388	1	1410378623
11	388	1	1410880517
11	388	1	1412665233
11	388	1	1424035285
16	388	1	1462295653
11	388	1	1468772345
11	388	1	1493239365
39	389	1	1288030445
9	389	1	1288043663
10	389	1	1313762067
15	389	1	1352684931
11	389	1	1357850983
11	389	1	1382343727
11	389	1	1406663371
11	389	1	1457103856
12	389	1	1467060935
11	389	1	1493239365
39	390	1	1288030519
9	390	1	1288036438
10	390	1	1308539984
8	390	1	1322943782
10	390	1	1325728586
15	390	1	1328153890
15	390	1	1337563106
11	390	1	1344848687
16	390	1	1348474617
16	390	1	1368166126
11	390	1	1427543857
11	390	1	1430442912
11	390	1	1447100854
11	390	1	1458874178
12	390	1	1487208702
11	390	1	1493239533
39	391	1	1288030574
39	391	1	1288030584
9	391	1	1288039657
10	391	1	1307168827
8	391	1	1319442218
8	391	1	1322943823
16	391	1	1350562437
16	391	1	1373540891
10	391	1	1390687531
11	391	1	1411649159
16	391	1	1435562363
13	391	1	1469973849
13	391	1	1490594480
11	391	1	1493239534
39	392	1	1288031097
39	393	1	1288031152
10	393	1	1318372723
11	393	1	1493239558
30	394	1	1289160833
30	395	1	1289173756
91	396	1	1289955915
91	396	1	1291480408
91	396	1	1295309255
98	396	1	1326488615
99	396	1	1337665241
99	396	1	1342549167
99	396	1	1349131737
99	396	1	1360201043
100	397	1	1290879793
100	397	1	1290881046
100	397	1	1291138860
100	397	1	1296209162
100	397	1	1296212741
100	397	1	1296488814
39	398	1	1292597550
10	398	1	1325032481
11	398	1	1493239522
39	399	1	1292597620
88	400	1	1293736070
101	401	1	1294090177
102	402	1	1296205478
85	402	1	1321986982
30	403	1	1296443347
30	403	1	1333238899
96	403	1	1390292467
30	404	1	1296535644
30	405	1	1296617938
103	406	1	1296650331
30	407	1	1296784784
74	408	1	1297549859
104	409	1	1298102278
104	409	1	1331642641
104	409	1	1401155778
104	409	1	1423122985
39	410	1	1298386492
10	410	1	1304216757
41	410	1	1320426250
15	410	1	1327232979
15	410	1	1331534941
11	410	1	1343285980
11	410	1	1382002793
11	410	1	1406492098
11	410	1	1427399000
16	410	1	1440108887
11	410	1	1449125698
16	410	1	1462265746
11	410	1	1462969100
13	410	1	1478151672
11	410	1	1493239361
30	411	1	1298436299
2	412	1	1299188253
2	412	1	1299188278
12	412	1	1467062566
11	412	1	1493239491
30	413	1	1301870575
91	414	1	1302757964
30	415	1	1302978779
88	415	1	1331476024
30	416	1	1302983182
30	417	1	1302995034
30	418	1	1303351842
2	419	1	1303782559
2	419	1	1303782575
2	419	1	1303782850
41	419	1	1320425558
11	419	1	1493239490
2	420	1	1303782970
41	420	1	1320425539
11	420	1	1493239491
30	421	1	1305157701
30	421	1	1333912623
105	422	1	1306311180
105	422	1	1314537362
91	423	1	1306449674
91	424	1	1306521854
106	425	1	1307397266
107	425	1	1332355246
108	426	1	1308099177
85	427	1	1308809593
85	427	1	1308813730
85	428	1	1308813574
109	429	1	1309524019
109	430	1	1309530761
85	431	1	1309540024
85	432	1	1309542142
30	433	1	1309571155
30	434	1	1309579743
30	435	1	1309583757
30	436	1	1309623765
30	437	1	1309632706
110	438	1	1313797300
47	439	1	1313850716
47	439	1	1313852194
2	439	1	1332605481
47	440	1	1313852103
47	440	1	1314092409
2	440	1	1318088644
111	441	1	1313855060
30	442	1	1314242720
30	442	1	1422213378
30	443	1	1315764124
30	444	1	1315768566
30	445	1	1315773070
95	446	1	1316084868
35	446	1	1342796567
95	446	1	1346362621
107	447	1	1318456914
30	448	1	1318983827
91	449	1	1319842546
91	449	1	1429212171
112	450	1	1319993548
113	450	1	1497569176
114	451	1	1320843083
114	452	1	1320843215
115	453	1	1321040158
115	454	1	1321204737
115	455	1	1321204738
115	455	1	1321205042
116	456	1	1321530700
116	456	1	1349173125
30	457	1	1321748166
30	458	1	1321763743
30	459	1	1321849065
30	460	1	1321920090
30	461	1	1321923720
30	461	1	1322093734
30	462	1	1321927908
30	462	1	1322095400
85	463	1	1321999161
11	463	1	1345408169
30	464	1	1322097414
30	465	1	1322098632
30	466	1	1322099892
117	467	1	1322264619
118	468	1	1322394891
30	468	1	1346640082
119	469	1	1322945909
119	470	1	1322946480
30	471	1	1323016683
30	472	1	1323047086
30	473	1	1323050720
30	474	1	1323133906
107	475	1	1325910077
107	475	1	1325966929
30	476	1	1326049930
91	477	1	1326329952
51	478	1	1327353762
51	478	1	1327388781
51	478	1	1327501098
51	478	1	1327508811
51	478	1	1328963624
51	478	1	1334077243
51	478	1	1368064137
51	478	1	1368956294
51	479	1	1327353772
51	479	1	1327387492
51	479	1	1327499152
51	479	1	1327506664
51	479	1	1328958171
51	479	1	1334074432
120	479	1	1354054272
51	479	1	1368062344
51	479	1	1368914065
107	480	1	1328130003
30	481	1	1329081390
30	482	1	1329096427
88	483	1	1329312906
88	483	1	1329322341
88	484	1	1329728485
107	485	1	1329745377
107	486	1	1329759351
85	487	1	1329832245
85	488	1	1329836603
85	488	1	1356636178
73	489	1	1330560508
88	490	1	1330630772
88	491	1	1330704274
30	492	1	1332040664
2	493	1	1332609612
2	493	1	1332609655
41	493	1	1333388185
41	493	1	1336443651
16	493	1	1347846653
16	493	1	1351141743
16	493	1	1376431544
11	493	1	1409191493
11	493	1	1430210038
11	493	1	1439308273
16	493	1	1441006256
11	493	1	1458516604
11	493	1	1493239517
2	494	1	1332609621
2	494	1	1332609676
41	494	1	1334449828
41	494	1	1336354833
16	494	1	1350787453
16	494	1	1358729472
16	494	1	1375364123
16	494	1	1375948437
10	494	1	1387745046
11	494	1	1408800396
11	494	1	1427632131
12	494	1	1480459935
12	494	1	1488914580
11	494	1	1493239409
47	495	1	1332591380
121	495	1	1473310009
10	496	1	1332596094
16	496	1	1347188406
16	496	1	1367935229
16	496	1	1435556724
16	496	1	1465704013
11	496	1	1493239518
10	497	1	1332606962
16	497	1	1367935149
11	497	1	1493239519
41	498	1	1333006873
16	498	1	1346410536
16	498	1	1350844596
16	498	1	1356606866
11	498	1	1359739400
16	498	1	1375759925
16	498	1	1377139157
11	498	1	1383210042
11	498	1	1406835182
11	498	1	1424723226
16	498	1	1438131029
16	498	1	1439733253
16	498	1	1440211014
12	498	1	1484446059
16	498	1	1486960014
13	498	1	1489200789
11	498	1	1493239368
41	499	1	1332690308
11	499	1	1343816136
16	499	1	1359259106
11	499	1	1361564886
16	499	1	1361833927
16	499	1	1363412694
11	499	1	1410165227
16	499	1	1421155710
11	499	1	1429854815
11	499	1	1432280357
16	499	1	1434106279
12	499	1	1479802143
11	499	1	1493239553
2	500	1	1332604796
30	501	1	1333244727
30	502	1	1333420110
30	503	1	1333500946
30	503	1	1333583096
30	504	1	1333588028
30	505	1	1333905973
30	506	1	1333908055
107	507	1	1334112870
30	508	1	1334510608
30	509	1	1336324190
107	510	1	1338320581
122	511	1	1338444137
122	511	1	1342494399
30	512	1	1338650480
30	513	1	1338656639
30	514	1	1338661364
33	515	1	1338916277
33	515	1	1338918086
33	516	1	1338916278
123	517	1	1338930936
123	517	1	1338930982
123	517	1	1339093651
33	518	1	1338935469
33	518	1	1338936964
33	519	1	1338935470
30	520	1	1339380306
124	521	1	1339580623
30	521	1	1344220168
30	521	1	1344226277
30	522	1	1339993776
43	523	1	1340567595
11	523	1	1340711286
11	524	1	1340603735
11	524	1	1340711509
11	524	1	1416954581
107	525	1	1340666655
30	526	1	1341260077
30	526	1	1344111056
30	527	1	1341262628
125	528	1	1341429247
11	528	1	1345813577
16	528	1	1355677743
51	528	1	1368918974
16	528	1	1376097482
11	528	1	1410657138
11	528	1	1428347632
16	528	1	1434969899
16	528	1	1462355592
11	528	1	1493239372
125	529	1	1341429254
16	529	1	1436589245
11	529	1	1493239549
125	530	1	1341429265
16	530	1	1346719868
11	530	1	1493239435
125	531	1	1341429274
16	531	1	1346718995
11	531	1	1493239434
125	532	1	1341429283
12	532	1	1467063269
11	532	1	1493239524
125	533	1	1341429290
11	533	1	1344417552
16	533	1	1350509258
11	533	1	1392585688
11	533	1	1493239524
125	534	1	1341429298
16	534	1	1346715501
11	534	1	1493239428
125	535	1	1341429306
125	536	1	1341429388
41	536	1	1341613306
16	536	1	1351336764
16	536	1	1357016646
16	536	1	1358454831
16	536	1	1368138096
16	536	1	1435814162
12	536	1	1473075783
11	536	1	1493239531
125	537	1	1341429396
16	537	1	1346744485
16	537	1	1354933476
16	537	1	1376222535
16	537	1	1420334449
16	537	1	1451020480
11	537	1	1493239521
126	538	1	1341490777
127	539	1	1344082179
128	540	1	1344089261
30	541	1	1344112514
30	542	1	1344380765
96	543	1	1346402628
95	544	1	1346434011
41	544	1	1347174216
41	545	1	1346448215
30	546	1	1346628609
30	547	1	1346633844
30	548	1	1346638133
129	549	1	1348934831
88	550	1	1351192035
88	551	1	1351240590
88	552	1	1351247589
88	553	1	1351247598
20	554	1	1351958317
20	555	1	1351958321
116	556	1	1352084939
130	557	1	1354068900
20	558	1	1354613431
20	559	1	1354743715
30	560	1	1355088873
30	561	1	1355092613
30	562	1	1355113677
131	563	1	1355255732
132	564	1	1355726536
26	564	1	1491316180
107	565	1	1359581406
107	566	1	1359581516
131	567	1	1359911191
30	568	1	1360031854
133	568	1	1417132052
133	568	1	1487250387
30	569	1	1360036098
30	570	1	1361150987
30	571	1	1361156397
134	572	1	1361979487
16	572	1	1436573408
11	572	1	1493239522
123	573	1	1361979601
123	573	1	1361979612
123	573	1	1361980996
134	574	1	1361979788
16	574	1	1363050949
16	574	1	1446884337
11	574	1	1493239521
134	575	1	1361979790
16	575	1	1437247911
11	575	1	1493239437
134	576	1	1361979792
134	577	1	1361979794
11	577	1	1432583342
12	577	1	1467061028
13	577	1	1473460778
12	577	1	1479997986
12	577	1	1487732190
11	577	1	1493239357
134	578	1	1361979796
16	578	1	1362002331
16	578	1	1367724944
51	578	1	1368934852
16	578	1	1377118941
10	578	1	1386609553
11	578	1	1409057774
16	578	1	1438928463
16	578	1	1439607065
16	578	1	1439747229
16	578	1	1440873886
11	578	1	1446810413
11	578	1	1458420643
11	578	1	1464162839
11	578	1	1474673628
11	578	1	1493239481
134	579	1	1361979798
16	579	1	1362101862
16	579	1	1377170917
10	579	1	1390324768
11	579	1	1409070297
11	579	1	1430060642
16	579	1	1439746975
16	579	1	1440882922
11	579	1	1445770374
11	579	1	1446813900
11	579	1	1464175172
12	579	1	1467062586
13	579	1	1476550752
12	579	1	1488262848
11	579	1	1493239488
134	580	1	1361979800
134	581	1	1361979802
16	581	1	1362289644
16	581	1	1377203159
11	581	1	1409474129
11	581	1	1437251682
12	581	1	1487101299
12	581	1	1487642320
11	581	1	1493239528
134	582	1	1361979859
134	583	1	1361979869
134	584	1	1361979879
11	584	1	1433077846
11	584	1	1493239415
134	585	1	1361979893
16	585	1	1437817329
11	585	1	1493239449
134	586	1	1361979899
16	586	1	1437817142
11	586	1	1493239448
134	587	1	1361979913
16	587	1	1437837970
11	587	1	1493239452
134	588	1	1361979925
16	588	1	1436582207
11	588	1	1493239531
134	589	1	1361979929
16	589	1	1362083728
16	589	1	1364828248
16	589	1	1376360533
16	589	1	1426827572
16	589	1	1446208307
16	589	1	1452091786
16	589	1	1462334663
12	589	1	1467060922
11	589	1	1493239366
134	590	1	1361979939
16	590	1	1361994511
11	590	1	1383165550
11	590	1	1392311689
11	590	1	1407446456
11	590	1	1425131433
11	590	1	1432141468
16	590	1	1444429993
11	590	1	1445281267
11	590	1	1463485185
16	590	1	1487436449
16	590	1	1491140861
11	590	1	1493239396
134	591	1	1361979953
16	591	1	1362268592
11	591	1	1387880467
11	591	1	1408559605
11	591	1	1412922526
11	591	1	1463623721
12	591	1	1474500311
11	591	1	1493239401
134	592	1	1361979959
16	592	1	1438142731
11	592	1	1493239460
134	593	1	1361979969
16	593	1	1362973816
16	593	1	1368529074
11	593	1	1493239472
134	594	1	1361979979
16	594	1	1362099542
16	594	1	1363825277
11	594	1	1384163213
11	594	1	1409480814
16	594	1	1420608860
16	594	1	1488812020
11	594	1	1493239529
134	595	1	1361979989
16	595	1	1435070201
11	595	1	1493239377
134	596	1	1361979999
16	596	1	1374874386
11	596	1	1493239372
134	597	1	1361980013
16	597	1	1361989490
11	597	1	1410962908
16	597	1	1429586447
16	597	1	1435284990
16	597	1	1463875548
11	597	1	1493239390
134	598	1	1361980019
16	598	1	1435295113
11	598	1	1493239391
134	599	1	1361980029
16	599	1	1435301675
11	599	1	1493239392
134	600	1	1361980039
16	600	1	1367553831
10	600	1	1386601432
11	600	1	1410706013
16	600	1	1435096756
16	600	1	1464555576
11	600	1	1468352743
12	600	1	1488119478
11	600	1	1493239409
134	601	1	1361980049
16	601	1	1436738362
11	601	1	1493239411
134	602	1	1361980059
16	602	1	1436739795
11	602	1	1493239412
134	603	1	1361980074
16	603	1	1436739796
11	603	1	1493239411
134	604	1	1361980080
16	604	1	1363609840
12	604	1	1467063603
11	604	1	1493239551
134	605	1	1361980089
15	605	1	1362120411
16	605	1	1435802709
13	605	1	1489487351
13	605	1	1490583847
11	605	1	1493239525
134	606	1	1361980099
134	607	1	1361980109
134	608	1	1361980119
16	608	1	1362706912
10	608	1	1386529366
11	608	1	1433013772
16	608	1	1444432353
16	608	1	1450600325
13	608	1	1469973122
16	608	1	1487439860
11	608	1	1493239396
134	609	1	1361980133
16	609	1	1435415853
11	609	1	1493239398
134	610	1	1361980139
16	610	1	1362906689
12	610	1	1467061920
11	610	1	1493239442
134	611	1	1361980149
16	611	1	1437026162
11	611	1	1493239430
134	612	1	1361980161
16	612	1	1362095681
16	612	1	1367820976
11	612	1	1493239487
134	613	1	1361980171
16	613	1	1362095521
10	613	1	1387312238
11	613	1	1411400843
11	613	1	1439306668
16	613	1	1439747149
16	613	1	1440878841
13	613	1	1482922196
11	613	1	1493239487
134	614	1	1361980179
16	614	1	1375934862
12	614	1	1467063218
11	614	1	1493239530
134	615	1	1361980193
16	615	1	1376197748
11	615	1	1433189261
13	615	1	1489470604
11	615	1	1493239495
134	616	1	1361980199
16	616	1	1438969576
11	616	1	1493239496
134	617	1	1361980209
134	618	1	1361980219
16	618	1	1362323664
16	618	1	1441181079
11	618	1	1448307793
16	618	1	1465815904
11	618	1	1493239527
134	619	1	1361980229
16	619	1	1362889009
11	619	1	1433079750
11	619	1	1493239419
134	620	1	1361980239
16	620	1	1436591120
11	620	1	1493239556
134	621	1	1361980253
16	621	1	1437171528
11	621	1	1493239435
134	622	1	1361980259
134	623	1	1361980269
134	624	1	1361980279
11	624	1	1433079796
11	624	1	1493239417
134	625	1	1361980289
16	625	1	1436894454
11	625	1	1493239417
134	626	1	1361980299
16	626	1	1436557158
11	626	1	1493239420
134	627	1	1361980313
134	628	1	1361980319
16	628	1	1437390943
11	628	1	1493239441
134	629	1	1361980329
16	629	1	1362936754
16	629	1	1367301289
11	629	1	1433113516
12	629	1	1467061882
11	629	1	1493239450
134	630	1	1361980339
134	631	1	1361980349
16	631	1	1435098893
11	631	1	1493239383
134	632	1	1361980359
16	632	1	1362890060
11	632	1	1493239424
134	633	1	1361980374
134	634	1	1361980382
134	635	1	1361980389
16	635	1	1361986451
16	635	1	1370517938
16	635	1	1371111979
11	635	1	1383747466
11	635	1	1407770974
16	635	1	1439735671
16	635	1	1440463452
11	635	1	1463497703
16	635	1	1487450455
11	635	1	1493239398
134	636	1	1361980399
134	637	1	1361980409
16	637	1	1374578946
16	637	1	1446791644
12	637	1	1467062230
11	637	1	1493239467
134	638	1	1361980419
16	638	1	1362995628
11	638	1	1433175549
11	638	1	1493239489
134	639	1	1361980434
16	639	1	1438978421
11	639	1	1493239499
134	640	1	1361980439
134	641	1	1361980449
134	642	1	1361980459
134	643	1	1361980469
134	644	1	1361980479
134	645	1	1361980494
16	645	1	1363016011
11	645	1	1493239503
134	646	1	1361980499
16	646	1	1363039981
16	646	1	1367411712
11	646	1	1493239516
134	647	1	1361980509
16	647	1	1363564769
16	647	1	1367574291
12	647	1	1467063681
11	647	1	1493239539
134	648	1	1361980519
16	648	1	1362760794
11	648	1	1493239388
134	649	1	1361980529
16	649	1	1362889069
16	649	1	1367248670
11	649	1	1493239416
134	650	1	1361980539
16	650	1	1362196517
16	650	1	1368790108
11	650	1	1493239434
134	651	1	1361980553
15	651	1	1362286947
10	651	1	1390616776
16	651	1	1436184875
16	651	1	1445796212
12	651	1	1467063206
12	651	1	1487175299
11	651	1	1493239532
134	652	1	1361980559
16	652	1	1363611005
16	652	1	1367623416
11	652	1	1493239552
134	653	1	1361980569
16	653	1	1435017718
11	653	1	1493239374
134	654	1	1361980579
134	655	1	1361980589
134	656	1	1361980599
134	657	1	1361980614
16	657	1	1435154951
11	657	1	1493239385
134	658	1	1361980619
16	658	1	1436582445
11	658	1	1493239406
134	659	1	1361980630
16	659	1	1362074886
16	659	1	1376878220
11	659	1	1411146906
12	659	1	1467061645
11	659	1	1493239406
134	660	1	1361980639
16	660	1	1362568192
16	660	1	1436682393
11	660	1	1493239408
134	661	1	1361980649
16	661	1	1362034489
51	661	1	1368921725
16	661	1	1376428922
11	661	1	1384263374
11	661	1	1393623049
11	661	1	1408776380
11	661	1	1429734648
16	661	1	1435079180
16	661	1	1438478865
11	661	1	1463882332
12	661	1	1467061663
13	661	1	1474375843
11	661	1	1493239405
134	662	1	1361980659
16	662	1	1363707200
11	662	1	1433113757
16	662	1	1464643953
12	662	1	1488185698
11	662	1	1493239448
134	663	1	1361980673
16	663	1	1361999820
16	663	1	1376607198
16	663	1	1435965180
16	663	1	1464668042
12	663	1	1467062296
11	663	1	1493239457
134	664	1	1361980679
16	664	1	1362003601
16	664	1	1376621355
10	664	1	1387737568
16	664	1	1434964140
16	664	1	1446773634
12	664	1	1467062286
11	664	1	1493239459
134	665	1	1361980690
11	665	1	1432955402
11	665	1	1493239355
134	666	1	1361980699
16	666	1	1434132315
11	666	1	1493239355
134	667	1	1361980709
134	668	1	1361980719
134	669	1	1361980734
16	669	1	1434250830
11	669	1	1493239363
134	670	1	1361980739
16	670	1	1434250941
11	670	1	1493239364
134	671	1	1361980749
16	671	1	1434251722
11	671	1	1493239364
134	672	1	1361980759
134	673	1	1361980769
16	673	1	1362003784
10	673	1	1387231754
16	673	1	1433150730
16	673	1	1444444399
11	673	1	1448520605
16	673	1	1450617616
11	673	1	1493239399
134	674	1	1361980779
11	674	1	1433080645
11	674	1	1493239422
134	675	1	1361980794
16	675	1	1436991179
11	675	1	1493239425
134	676	1	1361980799
134	677	1	1361980809
134	678	1	1361980819
16	678	1	1374851516
11	678	1	1493239370
134	679	1	1361980829
16	679	1	1374872583
11	679	1	1493239371
134	680	1	1361980839
16	680	1	1374873495
11	680	1	1493239371
134	681	1	1361980853
16	681	1	1435284970
11	681	1	1493239390
134	682	1	1361980859
16	682	1	1436683717
11	682	1	1493239409
134	683	1	1361980869
16	683	1	1436737638
11	683	1	1493239410
134	684	1	1361980879
16	684	1	1438193478
11	684	1	1493239461
134	685	1	1361980890
16	685	1	1438213222
11	685	1	1493239461
134	686	1	1361980899
15	686	1	1361998173
11	686	1	1411427646
11	686	1	1429041191
11	686	1	1464205435
12	686	1	1485108394
11	686	1	1493239494
134	687	1	1361980913
16	687	1	1362156808
16	687	1	1370155419
16	687	1	1377146939
10	687	1	1386886925
11	687	1	1410912553
16	687	1	1431676120
16	687	1	1462353817
11	687	1	1469792202
11	687	1	1493239369
134	688	1	1361980919
16	688	1	1362748982
11	688	1	1493239369
134	689	1	1361980929
16	689	1	1435072584
11	689	1	1493239378
134	690	1	1361980939
16	690	1	1438064041
11	690	1	1493239458
134	691	1	1361980949
16	691	1	1362969170
16	691	1	1367335240
16	691	1	1438289625
13	691	1	1490404759
11	691	1	1493239464
134	692	1	1361980959
51	692	1	1369041723
11	692	1	1380610643
11	692	1	1423910692
11	692	1	1493239343
134	693	1	1361980973
16	693	1	1437248995
11	693	1	1493239437
134	694	1	1361980979
16	694	1	1437263105
11	694	1	1493239440
134	695	1	1361980989
16	695	1	1437263124
11	695	1	1493239439
134	696	1	1361981000
16	696	1	1437789259
11	696	1	1493239447
134	697	1	1361981009
16	697	1	1362360162
82	697	1	1365147900
16	697	1	1376439136
10	697	1	1386601170
11	697	1	1410715336
16	697	1	1445114863
16	697	1	1464643250
12	697	1	1477924208
12	697	1	1488184918
11	697	1	1493239447
134	698	1	1361981019
134	699	1	1361981033
16	699	1	1435068878
11	699	1	1493239377
134	700	1	1361981039
16	700	1	1362047186
16	700	1	1376175828
10	700	1	1387244854
11	700	1	1408566517
11	700	1	1426454930
16	700	1	1438247216
11	700	1	1439539013
11	700	1	1441774076
16	700	1	1448849511
16	700	1	1450714882
11	700	1	1457643075
11	700	1	1463628832
11	700	1	1466607647
13	700	1	1469973251
11	700	1	1493239402
134	701	1	1361981049
16	701	1	1438936799
11	701	1	1493239482
134	702	1	1361981059
16	702	1	1438936788
11	702	1	1493239483
134	703	1	1361981072
11	703	1	1432996513
13	703	1	1481093911
11	703	1	1493239375
134	704	1	1361981079
16	704	1	1362411738
11	704	1	1380701673
11	704	1	1408207905
11	704	1	1430689342
12	704	1	1480981356
13	704	1	1484033630
11	704	1	1493239557
134	705	1	1361981093
16	705	1	1362691120
16	705	1	1435321369
11	705	1	1493239394
134	706	1	1361981099
15	706	1	1362075689
16	706	1	1367941750
16	706	1	1376172710
10	706	1	1387747967
16	706	1	1434518343
16	706	1	1445319186
12	706	1	1467063287
16	706	1	1484604379
11	706	1	1493239520
134	707	1	1361981109
16	707	1	1362973766
16	707	1	1367340928
12	707	1	1467062187
11	707	1	1493239472
134	708	1	1361981119
16	708	1	1438776773
11	708	1	1493239472
134	709	1	1361981129
134	710	1	1361981139
16	710	1	1362980680
11	710	1	1493239478
134	711	1	1361981154
134	712	1	1361981159
134	713	1	1361981169
16	713	1	1362078230
16	713	1	1438850135
11	713	1	1493239479
134	714	1	1361981179
10	714	1	1387756187
11	714	1	1493239546
134	715	1	1361981189
16	715	1	1362889980
16	715	1	1367251602
11	715	1	1493239425
134	716	1	1361981199
16	716	1	1436283837
11	716	1	1493239403
134	717	1	1361981214
16	717	1	1363056649
16	717	1	1374297732
16	717	1	1436285082
11	717	1	1493239403
134	718	1	1361981219
16	718	1	1370431056
11	718	1	1493239413
134	719	1	1361981229
16	719	1	1436925606
11	719	1	1493239418
134	720	1	1361981239
16	720	1	1436925752
11	720	1	1493239419
134	721	1	1361981249
16	721	1	1367741306
11	721	1	1493239460
134	722	1	1361981259
16	722	1	1452501004
13	722	1	1472986569
11	722	1	1493239490
134	723	1	1361981273
16	723	1	1438968588
11	723	1	1493239495
134	724	1	1361981279
134	725	1	1361981289
134	726	1	1361981301
134	727	1	1361981309
134	728	1	1361981319
16	728	1	1362853786
16	728	1	1367211329
11	728	1	1493239403
134	729	1	1361981333
16	729	1	1436959137
11	729	1	1493239421
134	730	1	1361981339
16	730	1	1438859219
11	730	1	1493239480
134	731	1	1361981349
134	732	1	1361981359
16	732	1	1438969761
11	732	1	1493239496
134	733	1	1361981369
16	733	1	1362756949
11	733	1	1493239384
134	734	1	1361981379
16	734	1	1370454889
16	734	1	1437045814
11	734	1	1493239433
134	735	1	1361981394
134	736	1	1361981399
134	737	1	1361981410
16	737	1	1437645560
11	737	1	1493239444
134	738	1	1361981420
16	738	1	1366237690
12	738	1	1467063613
11	738	1	1493239550
134	739	1	1361981431
16	739	1	1437190703
11	739	1	1493239550
134	740	1	1361981440
16	740	1	1363609930
16	740	1	1436589616
11	740	1	1493239550
134	741	1	1361981454
11	741	1	1433125340
11	741	1	1493239460
134	742	1	1361981461
16	742	1	1374712301
16	742	1	1436566599
11	742	1	1493239485
134	743	1	1361981470
16	743	1	1447544598
11	743	1	1493239557
134	744	1	1361981481
16	744	1	1362754952
11	744	1	1493239380
134	745	1	1361981494
134	746	1	1361981504
16	746	1	1363029639
11	746	1	1493239511
134	747	1	1361981514
16	747	1	1374947402
16	747	1	1445287332
11	747	1	1493239512
134	748	1	1361981524
10	748	1	1387748704
11	748	1	1493239513
134	749	1	1361981534
134	750	1	1361981544
16	750	1	1368398806
16	750	1	1370600678
10	750	1	1387653317
11	750	1	1430592210
16	750	1	1447523406
13	750	1	1481982269
11	750	1	1493239551
134	751	1	1361981554
11	751	1	1433118786
11	751	1	1493239456
134	752	1	1361981564
11	752	1	1381390661
10	752	1	1386768829
11	752	1	1410643775
11	752	1	1429404128
16	752	1	1435152589
16	752	1	1439725492
11	752	1	1443377915
11	752	1	1443428519
16	752	1	1450287993
11	752	1	1466544210
12	752	1	1467061059
13	752	1	1473457096
13	752	1	1474375657
11	752	1	1493239353
134	753	1	1361981574
134	754	1	1361981584
16	754	1	1363610955
11	754	1	1493239552
134	755	1	1361981594
16	755	1	1362935742
16	755	1	1367300108
11	755	1	1493239449
134	756	1	1361981604
16	756	1	1437828111
11	756	1	1493239450
134	757	1	1361981614
16	757	1	1445819700
11	757	1	1493239534
134	758	1	1361981624
16	758	1	1362208430
12	758	1	1467061941
12	758	1	1479308132
13	758	1	1490414136
11	758	1	1493239439
134	759	1	1361981634
16	759	1	1362093392
10	759	1	1386609470
11	759	1	1493239490
134	760	1	1361981644
16	760	1	1362609353
16	760	1	1368279733
16	760	1	1374399140
10	760	1	1388091607
11	760	1	1493239542
134	761	1	1361981654
16	761	1	1362902016
12	761	1	1467061931
11	761	1	1493239439
134	762	1	1361981664
16	762	1	1363600939
16	762	1	1367612477
12	762	1	1467063636
11	762	1	1493239545
134	763	1	1361981674
16	763	1	1362701674
12	763	1	1479788025
11	763	1	1493239547
134	764	1	1361981684
16	764	1	1362888939
11	764	1	1433079721
11	764	1	1493239419
134	765	1	1361981694
16	765	1	1436560931
12	765	1	1467062326
11	765	1	1493239451
134	766	1	1361981704
16	766	1	1437837627
11	766	1	1493239451
134	767	1	1361981714
16	767	1	1374847770
16	767	1	1440957198
16	767	1	1452519983
11	767	1	1493239504
134	768	1	1361981724
134	769	1	1361981734
134	770	1	1361981744
16	770	1	1362625998
16	770	1	1376846482
11	770	1	1410683826
16	770	1	1435008690
11	770	1	1469799639
11	770	1	1493239388
134	771	1	1361981755
134	772	1	1361981765
134	773	1	1361981775
16	773	1	1363014941
11	773	1	1493239500
134	774	1	1361981785
134	775	1	1361981796
16	775	1	1435089897
11	775	1	1493239381
134	776	1	1361981805
11	776	1	1433083639
11	776	1	1493239428
134	777	1	1361981816
10	777	1	1387565368
11	777	1	1493239530
134	778	1	1361981826
134	779	1	1361981838
11	779	1	1433086429
11	779	1	1493239436
134	780	1	1361981848
11	780	1	1433115743
12	780	1	1467062306
11	780	1	1493239453
134	781	1	1361981858
11	781	1	1433118522
11	781	1	1493239456
134	782	1	1361981868
16	782	1	1438142650
11	782	1	1493239459
134	783	1	1361981878
16	783	1	1438775597
11	783	1	1493239471
134	784	1	1361981888
16	784	1	1438825117
11	784	1	1493239477
134	785	1	1361981898
134	786	1	1361981908
134	787	1	1361981918
134	788	1	1361981928
16	788	1	1363030561
11	788	1	1493239512
134	789	1	1361981938
15	789	1	1362270941
11	789	1	1384188536
11	789	1	1409500098
11	789	1	1432242593
16	789	1	1435247130
16	789	1	1458654609
12	789	1	1473053475
12	789	1	1483632637
11	789	1	1493239529
134	790	1	1361981948
16	790	1	1436585762
12	790	1	1467063671
11	790	1	1493239540
134	791	1	1361981958
16	791	1	1362891081
16	791	1	1367252984
11	791	1	1493239427
134	792	1	1361981968
134	793	1	1361981978
16	793	1	1362689275
16	793	1	1435318385
11	793	1	1493239393
134	794	1	1361981988
16	794	1	1437007960
11	794	1	1493239427
134	795	1	1361982000
16	795	1	1437395881
11	795	1	1493239441
134	796	1	1361982010
10	796	1	1387756397
11	796	1	1493239544
134	797	1	1361982020
16	797	1	1370437478
11	797	1	1493239421
134	798	1	1361982030
16	798	1	1436583450
16	798	1	1459603037
12	798	1	1485420706
16	798	1	1489003278
11	798	1	1493239534
134	799	1	1361982040
16	799	1	1362935802
11	799	1	1493239448
134	800	1	1361982054
16	800	1	1435023215
11	800	1	1493239375
134	801	1	1361982060
134	802	1	1361982070
16	802	1	1363603885
11	802	1	1493239548
134	803	1	1361982080
16	803	1	1362975038
16	803	1	1367340688
11	803	1	1433141986
16	803	1	1439822657
11	803	1	1493239473
134	804	1	1361982090
11	804	1	1381392740
10	804	1	1390154089
11	804	1	1406309517
11	804	1	1412598716
11	804	1	1429405015
11	804	1	1432577727
16	804	1	1444067239
11	804	1	1457022965
11	804	1	1463156585
12	804	1	1484134925
11	804	1	1493239354
134	805	1	1361982100
11	805	1	1433171548
11	805	1	1493239484
134	806	1	1361982113
134	807	1	1361982120
16	807	1	1363579978
16	807	1	1367589880
12	807	1	1467063647
11	807	1	1493239544
134	808	1	1361982130
134	809	1	1361982140
16	809	1	1436970036
11	809	1	1493239423
134	810	1	1361982150
16	810	1	1362897243
16	810	1	1445062711
11	810	1	1493239432
134	811	1	1361982160
134	812	1	1361982173
16	812	1	1363012224
10	812	1	1387748941
11	812	1	1433191231
11	812	1	1493239498
134	813	1	1361982180
16	813	1	1362528643
16	813	1	1367115923
16	813	1	1434970652
11	813	1	1493239373
134	814	1	1361982190
11	814	1	1433116731
11	814	1	1493239454
134	815	1	1361982281
16	815	1	1363003072
11	815	1	1493239492
134	816	1	1361982301
134	817	1	1361982311
16	817	1	1436565235
11	817	1	1493239477
134	818	1	1361982321
16	818	1	1363036176
16	818	1	1367406802
12	818	1	1467062842
11	818	1	1493239514
134	819	1	1361982331
16	819	1	1438990926
11	819	1	1493239502
134	820	1	1361982341
134	821	1	1361982353
11	821	1	1433195595
11	821	1	1493239505
134	822	1	1361982361
134	823	1	1361982371
134	824	1	1361982381
134	825	1	1361982391
16	825	1	1438805825
11	825	1	1493239475
134	826	1	1361982401
11	826	1	1398542510
12	826	1	1467062614
11	826	1	1493239481
134	827	1	1361982413
11	827	1	1432999094
11	827	1	1493239379
134	828	1	1361982421
16	828	1	1438268172
11	828	1	1493239462
134	829	1	1361982431
16	829	1	1364315166
16	829	1	1438268972
11	829	1	1493239462
134	830	1	1361982441
16	830	1	1362045985
16	830	1	1365574297
16	830	1	1373400535
16	830	1	1376833849
10	830	1	1386945487
11	830	1	1433133153
16	830	1	1464694641
12	830	1	1486692270
11	830	1	1493239463
134	831	1	1361982451
134	832	1	1361982461
16	832	1	1362566676
16	832	1	1363236892
16	832	1	1435078029
12	832	1	1467061398
16	832	1	1479018350
12	832	1	1486121253
11	832	1	1493239379
134	833	1	1361982498
16	833	1	1362176929
16	833	1	1367115713
11	833	1	1493239374
134	834	1	1361982499
15	834	1	1362274742
16	834	1	1436582017
13	834	1	1489473327
11	834	1	1493239530
134	835	1	1361982534
134	836	1	1361982544
16	836	1	1362177029
16	836	1	1367115823
11	836	1	1493239373
134	837	1	1361982823
16	837	1	1363017002
11	837	1	1493239505
134	838	1	1361982826
134	839	1	1361982837
16	839	1	1438942564
11	839	1	1493239485
134	840	1	1361982847
11	840	1	1433171505
11	840	1	1493239485
134	841	1	1361982856
16	841	1	1435343944
11	841	1	1493239395
134	842	1	1361982866
16	842	1	1449199721
11	842	1	1493239520
134	843	1	1361982876
11	843	1	1382005677
10	843	1	1386768545
11	843	1	1424015061
11	843	1	1429443040
16	843	1	1434114660
16	843	1	1435263725
16	843	1	1439726077
11	843	1	1443211795
16	843	1	1446193199
16	843	1	1450304766
11	843	1	1466549438
12	843	1	1467060955
13	843	1	1473470188
13	843	1	1474375332
11	843	1	1493239363
134	844	1	1361982886
16	844	1	1435020919
11	844	1	1493239375
134	845	1	1361983125
11	845	1	1432999158
12	845	1	1467061408
11	845	1	1493239378
134	846	1	1361983138
16	846	1	1435074822
11	846	1	1493239379
134	847	1	1361983139
11	847	1	1433001755
11	847	1	1493239384
134	848	1	1361983149
16	848	1	1437004407
11	848	1	1493239425
134	849	1	1361983159
134	850	1	1361983169
134	851	1	1361983179
16	851	1	1367787692
16	851	1	1370039598
16	851	1	1370719290
16	851	1	1438783300
12	851	1	1467062177
11	851	1	1493239473
134	852	1	1361983193
134	853	1	1361983199
134	854	1	1361983209
134	855	1	1361983219
134	856	1	1361983229
134	857	1	1361983239
134	858	1	1361983253
134	859	1	1361983259
16	859	1	1435098258
11	859	1	1493239382
134	860	1	1361983269
16	860	1	1362761708
16	860	1	1367110703
11	860	1	1493239389
134	861	1	1361983279
16	861	1	1437730277
11	861	1	1493239446
134	862	1	1361983289
134	863	1	1361983299
16	863	1	1362599696
16	863	1	1437178299
11	863	1	1493239539
134	864	1	1361983313
16	864	1	1437159540
11	864	1	1493239434
134	865	1	1361983319
16	865	1	1437183504
11	865	1	1493239436
134	866	1	1361983329
16	866	1	1438775396
11	866	1	1493239471
134	867	1	1361983340
16	867	1	1438780433
11	867	1	1493239473
134	868	1	1361983349
16	868	1	1438811136
11	868	1	1493239477
134	869	1	1361983362
16	869	1	1438854420
11	869	1	1493239480
134	870	1	1361983373
16	870	1	1438880590
11	870	1	1493239481
134	871	1	1361983379
15	871	1	1362006321
16	871	1	1373415000
11	871	1	1411433510
16	871	1	1435795375
16	871	1	1450969049
12	871	1	1467062939
13	871	1	1474954025
11	871	1	1493239499
134	872	1	1361983389
134	873	1	1361983400
16	873	1	1374377165
11	873	1	1493239454
134	874	1	1361983409
16	874	1	1362766276
16	874	1	1432981367
11	874	1	1493239392
134	875	1	1361983419
16	875	1	1362885813
11	875	1	1493239414
134	876	1	1361983433
134	877	1	1361983439
16	877	1	1449462007
11	877	1	1493239547
134	878	1	1361983449
16	878	1	1437987320
11	878	1	1493239455
134	879	1	1361983459
134	880	1	1361983469
134	881	1	1361983479
16	881	1	1437127541
11	881	1	1493239513
134	882	1	1361983493
16	882	1	1362713336
16	882	1	1435414132
12	882	1	1470519578
11	882	1	1493239397
134	883	1	1361983499
134	884	1	1361983509
134	885	1	1361983519
16	885	1	1363626430
16	885	1	1367639108
11	885	1	1493239556
134	886	1	1361983529
16	886	1	1437136732
11	886	1	1493239525
134	887	1	1361983539
15	887	1	1362012885
10	887	1	1387746431
11	887	1	1433195564
16	887	1	1445245692
13	887	1	1475191138
11	887	1	1493239505
134	888	1	1361983553
16	888	1	1362355395
11	888	1	1387623187
11	888	1	1409013423
11	888	1	1413235011
11	888	1	1429956615
16	888	1	1436564714
16	888	1	1437398514
11	888	1	1445717482
11	888	1	1458351181
11	888	1	1469792807
11	888	1	1493239470
134	889	1	1361983559
51	889	1	1369066513
10	889	1	1390775773
16	889	1	1434974436
12	889	1	1467061102
12	889	1	1467150578
16	889	1	1467780792
13	889	1	1473172900
13	889	1	1473484531
13	889	1	1483404587
13	889	1	1483413389
11	889	1	1493239351
134	890	1	1361983569
16	890	1	1438770982
11	890	1	1493239470
134	891	1	1361983579
16	891	1	1438009420
11	891	1	1493239456
134	892	1	1361983589
10	892	1	1387651471
16	892	1	1436586502
11	892	1	1493239543
134	893	1	1361983599
16	893	1	1438993389
11	893	1	1493239503
134	894	1	1361983613
134	895	1	1361983621
16	895	1	1362898395
11	895	1	1433086656
11	895	1	1493239435
134	896	1	1361983631
134	897	1	1361983652
16	897	1	1437986061
11	897	1	1493239455
134	898	1	1361983663
134	899	1	1361983673
11	899	1	1433111404
11	899	1	1493239446
134	900	1	1361983682
16	900	1	1362355346
11	900	1	1371583519
11	900	1	1408889210
11	900	1	1429827862
16	900	1	1435139675
16	900	1	1445113417
11	900	1	1459282207
12	900	1	1488183597
11	900	1	1493239446
134	901	1	1361983692
16	901	1	1367186245
11	901	1	1433001768
11	901	1	1493239383
134	902	1	1361983702
134	903	1	1361983712
134	904	1	1361983722
16	904	1	1438844424
11	904	1	1493239479
134	905	1	1361983733
51	905	1	1369176194
11	905	1	1381139291
10	905	1	1386769106
11	905	1	1387816380
11	905	1	1410366120
11	905	1	1429373177
16	905	1	1439723297
16	905	1	1450279193
11	905	1	1466535418
12	905	1	1467061083
13	905	1	1473446501
13	905	1	1474376412
12	905	1	1491189848
11	905	1	1493239352
134	906	1	1361983742
16	906	1	1436287255
11	906	1	1493239404
134	907	1	1361983752
16	907	1	1438792889
11	907	1	1493239474
134	908	1	1361983762
16	908	1	1362897093
11	908	1	1433085527
11	908	1	1493239433
134	909	1	1361983772
16	909	1	1362870013
16	909	1	1367227754
11	909	1	1433065853
11	909	1	1493239405
134	910	1	1361983782
11	910	1	1433145096
11	910	1	1493239474
134	911	1	1361983793
16	911	1	1367815775
16	911	1	1377150668
16	911	1	1439381535
16	911	1	1464721840
11	911	1	1493239487
134	912	1	1361983802
134	913	1	1361983812
134	914	1	1361983822
134	915	1	1361983832
16	915	1	1363020923
16	915	1	1367390863
11	915	1	1433199907
12	915	1	1467062869
11	915	1	1493239509
134	916	1	1361983845
16	916	1	1437393506
11	916	1	1493239441
134	917	1	1361983855
16	917	1	1436566568
12	917	1	1467062596
11	917	1	1493239486
134	918	1	1361983865
134	919	1	1361983875
16	919	1	1363039931
11	919	1	1493239516
134	920	1	1361983885
16	920	1	1437253037
11	920	1	1493239438
134	921	1	1361983895
16	921	1	1437253050
11	921	1	1493239438
134	922	1	1361983905
16	922	1	1367755665
16	922	1	1438240000
11	922	1	1493239462
134	923	1	1361983918
16	923	1	1438970516
11	923	1	1493239497
134	924	1	1361983925
134	925	1	1361983935
134	926	1	1361983945
134	927	1	1361983955
134	928	1	1361983965
16	928	1	1362349935
10	928	1	1390690273
16	928	1	1436188832
16	928	1	1437655228
16	928	1	1445883190
11	928	1	1448915062
11	928	1	1464850863
11	928	1	1476130089
12	928	1	1483803635
12	928	1	1485526046
11	928	1	1493239541
134	929	1	1361983975
134	930	1	1361983985
16	930	1	1435086832
11	930	1	1493239381
134	931	1	1361983995
16	931	1	1435086833
11	931	1	1493239380
134	932	1	1361984005
134	933	1	1361984015
134	934	1	1361984025
10	934	1	1387748812
135	934	1	1408523147
11	934	1	1493239510
134	935	1	1361984035
134	936	1	1361984045
16	936	1	1362753959
16	936	1	1367101299
11	936	1	1493239377
134	937	1	1361984055
16	937	1	1362215174
11	937	1	1408207889
16	937	1	1429071534
11	937	1	1438617833
11	937	1	1459631721
11	937	1	1470950792
13	937	1	1485164952
11	937	1	1493239557
134	938	1	1361984065
134	939	1	1361984085
16	939	1	1362756006
16	939	1	1367104133
11	939	1	1493239382
134	940	1	1361984095
15	940	1	1361990172
16	940	1	1367846374
11	940	1	1430094798
11	940	1	1433182253
16	940	1	1449148999
11	940	1	1493239493
134	941	1	1361984105
134	942	1	1361984115
11	942	1	1433081568
11	942	1	1493239423
134	943	1	1361984125
16	943	1	1438796100
11	943	1	1493239475
134	944	1	1361984135
134	945	1	1361984145
16	945	1	1436920294
11	945	1	1493239418
134	946	1	1361984155
16	946	1	1436938649
11	946	1	1493239420
134	947	1	1361984165
16	947	1	1362610411
11	947	1	1379245147
11	947	1	1433003621
11	947	1	1493239385
134	948	1	1361984175
11	948	1	1433170267
11	948	1	1493239483
134	949	1	1361984185
16	949	1	1438941599
11	949	1	1493239484
134	950	1	1361984195
16	950	1	1374739665
12	950	1	1467062576
12	950	1	1486789558
11	950	1	1493239489
134	951	1	1361984205
134	952	1	1361984215
16	952	1	1375164451
11	952	1	1493239523
134	953	1	1361984225
15	953	1	1362111576
16	953	1	1436307107
11	953	1	1493239523
134	954	1	1361984235
16	954	1	1367491827
13	954	1	1477013078
11	954	1	1493239400
134	955	1	1361984245
134	956	1	1361984255
16	956	1	1436789684
11	956	1	1493239412
134	957	1	1361984265
16	957	1	1436873205
11	957	1	1493239413
134	958	1	1361984275
16	958	1	1438022904
11	958	1	1493239457
134	959	1	1361984285
16	959	1	1362177195
11	959	1	1364407762
16	959	1	1367369835
11	959	1	1409062603
11	959	1	1493239483
134	960	1	1361984295
11	960	1	1433022173
11	960	1	1493239399
134	961	1	1361984305
134	962	1	1361984315
15	962	1	1362020123
51	962	1	1369670645
10	962	1	1386972233
16	962	1	1435631951
16	962	1	1452524081
12	962	1	1488289967
11	962	1	1493239507
134	963	1	1361984325
134	964	1	1361984335
134	965	1	1361984345
134	966	1	1361984355
16	966	1	1374989446
11	966	1	1493239372
134	967	1	1361984365
134	968	1	1361984375
16	968	1	1362106061
11	968	1	1408860493
11	968	1	1441902987
11	968	1	1493239443
134	969	1	1361984385
16	969	1	1435284950
11	969	1	1493239391
134	970	1	1361984395
134	971	1	1361984405
134	972	1	1361984415
134	973	1	1361984425
134	974	1	1361984435
134	975	1	1361984445
16	975	1	1435320382
11	975	1	1493239393
134	976	1	1361984455
134	977	1	1361984465
134	978	1	1361984475
11	978	1	1433055454
11	978	1	1493239402
134	979	1	1361984485
134	980	1	1361984495
16	980	1	1435093576
11	980	1	1493239382
134	981	1	1361984505
16	981	1	1435380598
11	981	1	1493239395
134	982	1	1361984518
16	982	1	1435506177
11	982	1	1493239400
134	983	1	1361984528
16	983	1	1365999305
16	983	1	1370558726
16	983	1	1436583426
13	983	1	1489478889
11	983	1	1493239535
134	984	1	1361984550
16	984	1	1362248632
12	984	1	1467063259
13	984	1	1474265262
13	984	1	1481090090
13	984	1	1489203471
11	984	1	1493239526
134	985	1	1361984560
16	985	1	1436051607
11	985	1	1493239401
134	986	1	1361984574
16	986	1	1370430996
11	986	1	1493239413
134	987	1	1361984580
134	988	1	1361984590
16	988	1	1364343672
16	988	1	1376869038
11	988	1	1493239467
134	989	1	1361984600
11	989	1	1474732206
11	989	1	1493239510
134	990	1	1361984610
15	990	1	1362465455
16	990	1	1369820344
16	990	1	1376270590
10	990	1	1386686792
11	990	1	1409723329
16	990	1	1441510559
12	990	1	1483902051
11	990	1	1493239549
134	991	1	1361984620
134	992	1	1361984634
16	992	1	1362280294
16	992	1	1367133473
11	992	1	1433023144
11	992	1	1493239400
134	993	1	1361984640
134	994	1	1361984650
16	994	1	1436965596
11	994	1	1493239422
134	995	1	1361984660
16	995	1	1436966439
11	995	1	1493239422
134	996	1	1361984670
134	997	1	1361984680
16	997	1	1363602973
16	997	1	1368773869
11	997	1	1493239546
134	998	1	1361984693
134	999	1	1361984700
134	1000	1	1361984710
16	1000	1	1363607966
11	1000	1	1493239548
134	1001	1	1361984720
16	1001	1	1362597416
11	1001	1	1493239539
134	1002	1	1361984730
16	1002	1	1362157876
16	1002	1	1376904900
11	1002	1	1406834431
11	1002	1	1424721711
12	1002	1	1487760492
11	1002	1	1493239370
134	1003	1	1361984740
16	1003	1	1361993244
10	1003	1	1387409516
11	1003	1	1410969255
11	1003	1	1413999079
11	1003	1	1432139861
11	1003	1	1447657606
16	1003	1	1450595394
12	1003	1	1467061334
11	1003	1	1493239394
134	1004	1	1361984753
16	1004	1	1362897153
11	1004	1	1433085571
11	1004	1	1493239432
134	1005	1	1361984763
16	1005	1	1437613051
11	1005	1	1493239443
134	1006	1	1361984770
16	1006	1	1363019992
16	1006	1	1367388660
11	1006	1	1433197404
11	1006	1	1493239506
134	1007	1	1361984780
16	1007	1	1435135346
11	1007	1	1493239384
134	1008	1	1361984790
16	1008	1	1435273653
11	1008	1	1493239389
134	1009	1	1361984800
16	1009	1	1363569713
10	1009	1	1386633827
16	1009	1	1435018181
11	1009	1	1493239542
134	1010	1	1361984813
16	1010	1	1437188769
11	1010	1	1493239546
134	1011	1	1361984820
11	1011	1	1381922431
10	1011	1	1388068462
11	1011	1	1424008004
11	1011	1	1430948698
16	1011	1	1434195782
16	1011	1	1444081101
11	1011	1	1463193808
16	1011	1	1486871378
11	1011	1	1493239359
134	1012	1	1361984830
11	1012	1	1432594078
16	1012	1	1434195732
16	1012	1	1446113692
12	1012	1	1487736262
11	1012	1	1493239359
134	1013	1	1361984840
16	1013	1	1436878619
11	1013	1	1493239416
134	1014	1	1361984850
16	1014	1	1362891141
11	1014	1	1493239426
134	1015	1	1361984860
16	1015	1	1438064809
11	1015	1	1493239458
134	1016	1	1361984873
16	1016	1	1438287709
12	1016	1	1467062264
11	1016	1	1493239464
134	1017	1	1361984880
134	1018	1	1361984890
16	1018	1	1363626490
11	1018	1	1493239555
134	1019	1	1361984900
16	1019	1	1363040051
16	1019	1	1367410080
11	1019	1	1493239515
134	1020	1	1361984910
10	1020	1	1387754038
11	1020	1	1493239525
134	1021	1	1361984920
16	1021	1	1435189917
11	1021	1	1493239387
134	1022	1	1361984934
16	1022	1	1363019902
16	1022	1	1367388570
11	1022	1	1493239507
134	1023	1	1361984940
134	1024	1	1361984950
134	1025	1	1361984960
16	1025	1	1362098457
16	1025	1	1373948701
11	1025	1	1384158859
11	1025	1	1409477552
16	1025	1	1458634331
11	1025	1	1464713831
13	1025	1	1469973867
11	1025	1	1493239528
134	1026	1	1361984970
16	1026	1	1362168056
16	1026	1	1373202256
16	1026	1	1376472405
10	1026	1	1387627490
11	1026	1	1432986081
11	1026	1	1493239368
134	1027	1	1361984980
16	1027	1	1438270602
11	1027	1	1493239463
134	1028	1	1361984994
134	1029	1	1361985015
16	1029	1	1436892833
11	1029	1	1493239417
134	1030	1	1361985025
16	1030	1	1362937946
11	1030	1	1493239451
134	1031	1	1361985035
16	1031	1	1362969110
12	1031	1	1467062254
11	1031	1	1493239465
134	1032	1	1361985045
134	1033	1	1361985055
134	1034	1	1361985065
16	1034	1	1363512093
11	1034	1	1493239532
134	1035	1	1361985075
11	1035	1	1383510141
11	1035	1	1493239544
134	1036	1	1361985091
11	1036	1	1433077886
11	1036	1	1493239415
134	1037	1	1361985101
16	1037	1	1435037872
11	1037	1	1493239376
134	1038	1	1361985113
16	1038	1	1362754039
11	1038	1	1493239376
134	1039	1	1361985121
16	1039	1	1376001413
16	1039	1	1436875745
11	1039	1	1493239415
134	1040	1	1361985131
134	1041	1	1361985141
11	1041	1	1433089335
11	1041	1	1493239440
134	1042	1	1361985151
16	1042	1	1367226894
11	1042	1	1493239390
134	1043	1	1361985161
16	1043	1	1362782235
16	1043	1	1367132302
11	1043	1	1433022175
11	1043	1	1493239398
134	1044	1	1361985173
134	1045	1	1361985181
134	1046	1	1361985191
16	1046	1	1363067331
16	1046	1	1367440552
16	1046	1	1437138150
11	1046	1	1493239526
134	1047	1	1361985201
134	1048	1	1361985211
16	1048	1	1438990616
11	1048	1	1493239502
134	1049	1	1361985221
134	1050	1	1361985236
16	1050	1	1437620878
13	1050	1	1469973364
13	1050	1	1475561522
11	1050	1	1493239444
134	1051	1	1361985246
16	1051	1	1437660918
11	1051	1	1493239445
134	1052	1	1361985256
11	1052	1	1433057715
12	1052	1	1467061673
11	1052	1	1493239404
134	1053	1	1361985266
134	1054	1	1361985276
16	1054	1	1363040111
11	1054	1	1493239515
134	1055	1	1361985286
16	1055	1	1362380723
16	1055	1	1362940637
16	1055	1	1437878165
11	1055	1	1493239454
134	1056	1	1361985296
16	1056	1	1438809435
11	1056	1	1493239476
134	1057	1	1361985306
16	1057	1	1364413942
11	1057	1	1493239476
134	1058	1	1361985316
16	1058	1	1438834200
11	1058	1	1493239478
134	1059	1	1361985326
16	1059	1	1438982141
11	1059	1	1493239499
134	1060	1	1361985336
16	1060	1	1362755042
11	1060	1	1432999088
11	1060	1	1493239380
134	1061	1	1361985346
11	1061	1	1433114569
12	1061	1	1467062316
11	1061	1	1493239452
134	1062	1	1361985356
15	1062	1	1361991772
16	1062	1	1363319585
11	1062	1	1415294488
11	1062	1	1433182137
12	1062	1	1467062546
12	1062	1	1468357122
11	1062	1	1493239493
134	1063	1	1361985366
16	1063	1	1363032345
16	1063	1	1368584286
11	1063	1	1493239513
134	1064	1	1361985376
16	1064	1	1436582155
16	1064	1	1449353343
13	1064	1	1489475152
11	1064	1	1493239532
134	1065	1	1361985386
134	1066	1	1361985396
16	1066	1	1449426970
11	1066	1	1493239542
134	1067	1	1361985406
16	1067	1	1363578036
11	1067	1	1493239543
134	1068	1	1361985416
16	1068	1	1449414244
12	1068	1	1467063661
11	1068	1	1493239541
134	1069	1	1361985426
16	1069	1	1438770575
11	1069	1	1493239470
134	1070	1	1361985436
15	1070	1	1361990582
16	1070	1	1439625212
16	1070	1	1452506951
11	1070	1	1493239492
134	1071	1	1361985446
16	1071	1	1362371345
11	1071	1	1383599525
11	1071	1	1409679539
11	1071	1	1413903152
11	1071	1	1430550176
11	1071	1	1438298628
16	1071	1	1441462743
16	1071	1	1451530699
12	1071	1	1470959683
12	1071	1	1483849260
11	1071	1	1493239545
134	1072	1	1361985484
16	1072	1	1437192941
11	1072	1	1493239437
134	1073	1	1361985494
16	1073	1	1362937024
11	1073	1	1493239449
134	1074	1	1361985504
16	1074	1	1438934775
11	1074	1	1493239482
134	1075	1	1361985514
16	1075	1	1438942771
11	1075	1	1493239486
134	1076	1	1361985524
134	1077	1	1361985534
11	1077	1	1433192964
11	1077	1	1493239501
134	1078	1	1361985545
16	1078	1	1363017923
11	1078	1	1493239506
134	1079	1	1361985554
16	1079	1	1370437368
11	1079	1	1493239424
134	1080	1	1361985564
134	1081	1	1361985574
16	1081	1	1363565892
16	1081	1	1367575512
10	1081	1	1387753623
16	1081	1	1434963182
11	1081	1	1493239540
134	1082	1	1361985584
134	1083	1	1361985596
16	1083	1	1363114938
16	1083	1	1367490542
16	1083	1	1436581454
16	1083	1	1449328356
12	1083	1	1467063236
11	1083	1	1493239528
134	1084	1	1361985628
134	1085	1	1361985639
11	1085	1	1433174442
11	1085	1	1493239488
134	1086	1	1361985653
16	1086	1	1436571156
11	1086	1	1493239514
134	1087	1	1361985659
134	1088	1	1361985669
134	1089	1	1361985679
16	1089	1	1362177992
16	1089	1	1367117185
16	1089	1	1446213868
11	1089	1	1493239374
134	1090	1	1361985689
134	1091	1	1361985699
16	1091	1	1437847803
13	1091	1	1480901603
11	1091	1	1493239453
134	1092	1	1361985713
134	1093	1	1361985726
16	1093	1	1438990152
11	1093	1	1493239501
134	1094	1	1361985736
16	1094	1	1363016071
11	1094	1	1493239502
134	1095	1	1361985746
16	1095	1	1363015932
11	1095	1	1493239504
134	1096	1	1361985756
134	1097	1	1361985766
16	1097	1	1363040171
16	1097	1	1367410220
11	1097	1	1493239514
134	1098	1	1361985776
134	1099	1	1361985786
134	1100	1	1361985796
16	1100	1	1436573610
11	1100	1	1493239523
134	1101	1	1361985806
11	1101	1	1362592752
10	1101	1	1386768506
10	1101	1	1390836854
11	1101	1	1410648252
11	1101	1	1429449181
16	1101	1	1435168147
16	1101	1	1439725991
16	1101	1	1450306169
11	1101	1	1466550362
12	1101	1	1467060945
13	1101	1	1473471837
13	1101	1	1474375277
13	1101	1	1483408480
11	1101	1	1493239363
134	1102	1	1361985816
16	1102	1	1436644004
11	1102	1	1493239407
134	1103	1	1361985826
11	1103	1	1432956751
11	1103	1	1493239356
134	1104	1	1361985837
15	1104	1	1362010366
16	1104	1	1375111799
10	1104	1	1387748081
11	1104	1	1417472535
16	1104	1	1421812431
11	1104	1	1430586103
11	1104	1	1437065329
16	1104	1	1445242516
16	1104	1	1449158479
16	1104	1	1452519266
16	1104	1	1465658965
11	1104	1	1493239500
134	1105	1	1361985846
16	1105	1	1365903568
16	1105	1	1449337295
12	1105	1	1488443455
11	1105	1	1493239529
134	1106	1	1361985856
134	1107	1	1361985866
134	1108	1	1361985876
134	1109	1	1361985900
16	1109	1	1362321640
10	1109	1	1390357181
16	1109	1	1435912097
12	1109	1	1475678416
12	1109	1	1488174139
11	1109	1	1493239445
134	1110	1	1361985910
16	1110	1	1437005147
11	1110	1	1493239426
134	1111	1	1361985920
11	1111	1	1433152671
11	1111	1	1493239479
134	1112	1	1361985930
134	1113	1	1361985940
134	1114	1	1361985953
134	1115	1	1361985960
134	1116	1	1361985970
16	1116	1	1366240092
16	1116	1	1376274547
10	1116	1	1388156192
16	1116	1	1434965779
11	1116	1	1493239552
134	1117	1	1361985980
136	1118	1	1364052720
136	1119	1	1364052727
30	1120	1	1364143558
30	1121	1	1364147498
30	1122	1	1364173999
30	1123	1	1364175785
137	1123	1	1451502239
138	1124	1	1366084832
107	1125	1	1367174856
139	1126	1	1367354349
137	1126	1	1451502183
140	1127	1	1369577097
140	1127	1	1380346912
30	1127	1	1381707554
140	1127	1	1384698494
140	1127	1	1408420333
30	1128	1	1370218719
30	1129	1	1372734783
30	1130	1	1372821817
141	1131	1	1375528251
142	1132	1	1376683147
142	1133	1	1377991854
76	1134	1	1379186173
76	1135	1	1379186175
30	1136	1	1379283718
30	1137	1	1379303445
137	1137	1	1451502235
30	1138	1	1379464925
30	1139	1	1379468495
30	1140	1	1379561738
30	1141	1	1379563254
30	1142	1	1379564582
30	1143	1	1379898302
30	1144	1	1379899833
30	1145	1	1380160554
30	1146	1	1380164745
30	1147	1	1380396845
30	1148	1	1380398204
30	1149	1	1380401781
143	1149	1	1385796036
143	1149	1	1388052051
143	1149	1	1391247681
30	1149	1	1408628272
144	1149	1	1411917961
145	1149	1	1411919479
30	1149	1	1413774976
30	1149	1	1438466700
30	1150	1	1380408313
143	1150	1	1385473975
143	1150	1	1386742661
143	1150	1	1391655159
143	1150	1	1393935072
144	1150	1	1411917962
145	1150	1	1411919479
30	1150	1	1414902907
140	1151	1	1380549277
140	1151	1	1382847389
140	1151	1	1382861216
30	1152	1	1381684831
30	1153	1	1381702340
140	1153	1	1382878401
140	1153	1	1382932277
30	1154	1	1381724108
90	1154	1	1450290262
146	1155	1	1382905268
147	1156	1	1383037408
148	1157	1	1384698771
149	1158	1	1384784386
150	1159	1	1384786220
151	1160	1	1385383759
152	1161	1	1387293395
153	1162	1	1388837783
153	1162	1	1424687751
30	1163	1	1390176065
154	1163	1	1487201249
30	1164	1	1390255023
30	1165	1	1390266175
155	1166	1	1390299964
156	1167	1	1392385045
156	1168	1	1392392072
30	1169	1	1393564593
30	1170	1	1393571799
157	1171	1	1393651524
150	1172	1	1394756966
158	1173	1	1395184881
158	1173	1	1395426853
158	1173	1	1396578092
159	1174	1	1396562820
160	1175	1	1396596890
23	1176	1	1400531912
92	1177	1	1408317609
30	1178	1	1408642408
161	1178	1	1461691468
30	1179	1	1409110858
30	1180	1	1410626091
162	1180	1	1447384170
30	1181	1	1410712125
30	1182	1	1411006537
162	1182	1	1447384171
144	1183	1	1411917962
33	1183	1	1415712333
30	1183	1	1420955695
144	1184	1	1411917962
33	1184	1	1415712347
30	1184	1	1420962282
145	1185	1	1411919479
145	1186	1	1411919479
163	1187	1	1413466636
163	1187	1	1413466662
163	1187	1	1447326610
163	1187	1	1447611528
163	1188	1	1413466647
30	1189	1	1416718285
90	1189	1	1472038623
90	1189	1	1472130748
30	1190	1	1416724783
90	1190	1	1472038623
90	1190	1	1472130749
133	1191	1	1417132051
133	1192	1	1417132052
30	1193	1	1417326293
164	1194	1	1417390011
165	1195	1	1418815317
43	1196	1	1418910462
11	1196	1	1418913198
11	1196	1	1419683888
11	1196	1	1420226483
11	1196	1	1420237546
11	1196	1	1421054560
11	1196	1	1421701719
11	1196	1	1422048349
43	1196	1	1422368717
11	1196	1	1426093845
11	1196	1	1427112104
11	1196	1	1432582313
11	1196	1	1466602347
11	1196	1	1467189849
11	1196	1	1499082644
30	1197	1	1421020510
30	1198	1	1421113771
30	1199	1	1421117726
30	1200	1	1421121664
30	1200	1	1423376246
128	1200	1	1424432174
90	1201	1	1422986701
90	1202	1	1422986702
30	1203	1	1423371768
30	1204	1	1423378423
128	1204	1	1424432175
30	1205	1	1423709549
30	1206	1	1423942323
30	1207	1	1424394575
90	1207	1	1438202020
128	1208	1	1424432175
128	1209	1	1424432175
30	1210	1	1424584284
90	1210	1	1438202020
30	1211	1	1424586346
33	1211	1	1438448998
166	1212	1	1425818770
43	1213	1	1426074010
11	1213	1	1430325902
16	1213	1	1445510089
11	1213	1	1458650352
11	1213	1	1493239527
43	1214	1	1426074078
43	1214	1	1426074671
43	1215	1	1426074163
11	1215	1	1426093892
11	1215	1	1427112173
11	1215	1	1427718910
11	1215	1	1428396646
11	1215	1	1429103049
11	1215	1	1432582332
11	1215	1	1434968929
11	1215	1	1437641821
11	1215	1	1439814764
11	1215	1	1442496569
11	1215	1	1452873019
11	1215	1	1466765473
49	1215	1	1498444807
43	1216	1	1426074192
11	1216	1	1426093761
11	1216	1	1426165004
11	1216	1	1426264795
11	1216	1	1426523097
11	1216	1	1426613791
11	1216	1	1427111978
11	1216	1	1427285904
11	1216	1	1427477165
11	1216	1	1427885331
11	1216	1	1427990757
11	1216	1	1428505463
11	1216	1	1429089067
11	1216	1	1429793515
11	1216	1	1431638119
11	1216	1	1432037370
11	1216	1	1432582340
11	1216	1	1432932420
11	1216	1	1433533876
11	1216	1	1434046767
11	1216	1	1435668570
11	1216	1	1438592739
11	1216	1	1439973732
11	1216	1	1440495192
11	1216	1	1442222312
11	1216	1	1442498313
11	1216	1	1442567335
11	1216	1	1443646070
11	1216	1	1446148279
11	1216	1	1446155687
11	1216	1	1449129472
11	1216	1	1450219145
11	1216	1	1450635128
11	1216	1	1467981720
11	1216	1	1468219265
11	1216	1	1468321149
11	1216	1	1470055632
11	1216	1	1470649228
11	1216	1	1479211707
11	1216	1	1479979363
11	1216	1	1499082648
43	1217	1	1426074235
11	1217	1	1426093882
11	1217	1	1426167783
11	1217	1	1426508362
11	1217	1	1426595984
11	1217	1	1426685975
11	1217	1	1427112134
11	1217	1	1427389705
11	1217	1	1427719456
11	1217	1	1427907708
11	1217	1	1428401886
11	1217	1	1428606298
11	1217	1	1429101490
11	1217	1	1429793764
11	1217	1	1431694358
11	1217	1	1432582319
11	1217	1	1433326625
11	1217	1	1433941781
11	1217	1	1434973723
11	1217	1	1438592826
11	1217	1	1439973878
11	1217	1	1440678065
11	1217	1	1441698636
11	1217	1	1442497493
11	1217	1	1443646153
11	1217	1	1446155512
11	1217	1	1450218519
11	1217	1	1450634843
11	1217	1	1467098333
11	1217	1	1468322289
11	1217	1	1468585777
11	1217	1	1470685745
11	1217	1	1474055605
11	1217	1	1479211548
11	1217	1	1499082646
43	1218	1	1426074864
11	1218	1	1499082645
30	1219	1	1426643775
23	1220	1	1426648499
7	1220	1	1429228612
23	1220	1	1429245642
23	1221	1	1426648499
7	1221	1	1429228612
23	1221	1	1429245642
23	1222	1	1426648499
7	1222	1	1429228612
23	1222	1	1429245643
23	1223	1	1426648499
23	1224	1	1426648499
23	1224	1	1426652111
23	1225	1	1426648499
7	1225	1	1429228612
23	1225	1	1429245643
23	1226	1	1426648500
7	1226	1	1429228612
23	1226	1	1429245645
23	1227	1	1426648500
7	1227	1	1429228612
23	1227	1	1429245645
43	1228	1	1427103301
11	1228	1	1427111917
11	1228	1	1427145209
11	1228	1	1427389615
11	1228	1	1427795874
11	1228	1	1427923458
11	1228	1	1428485851
11	1228	1	1429008316
11	1228	1	1429261839
11	1228	1	1430393570
11	1228	1	1431684131
11	1228	1	1432202316
11	1228	1	1432582286
11	1228	1	1432932539
11	1228	1	1433533755
11	1228	1	1434046643
11	1228	1	1435308485
11	1228	1	1438239381
11	1228	1	1439287886
11	1228	1	1440401607
11	1228	1	1440678575
11	1228	1	1442498191
11	1228	1	1443175885
11	1228	1	1443645907
11	1228	1	1446148494
11	1228	1	1446155389
11	1228	1	1449223452
11	1228	1	1450360833
11	1228	1	1466773211
11	1228	1	1467230332
11	1228	1	1467320823
11	1228	1	1468186669
11	1228	1	1468238549
11	1228	1	1468571458
11	1228	1	1472803895
11	1228	1	1473164640
11	1228	1	1479885702
11	1228	1	1492895743
11	1228	1	1499082649
43	1229	1	1427103314
11	1229	1	1427111961
11	1229	1	1427146404
11	1229	1	1427288596
11	1229	1	1427464408
11	1229	1	1427886453
11	1229	1	1427990918
11	1229	1	1428571104
11	1229	1	1429089132
11	1229	1	1429733364
11	1229	1	1431550879
11	1229	1	1431977419
11	1229	1	1432582289
11	1229	1	1432932293
11	1229	1	1433534073
11	1229	1	1434441567
11	1229	1	1436940719
11	1229	1	1438764299
11	1229	1	1440162383
11	1229	1	1440678369
11	1229	1	1442498437
11	1229	1	1443645997
11	1229	1	1446148175
11	1229	1	1449234685
11	1229	1	1450361421
11	1229	1	1466766138
11	1229	1	1479207533
11	1229	1	1491915399
11	1229	1	1499082631
91	1230	1	1429212171
167	1231	1	1431645849
168	1232	1	1433422269
169	1233	1	1433828979
90	1234	1	1438202021
90	1235	1	1438202021
170	1236	1	1438644899
171	1237	1	1439981505
171	1237	1	1439981583
171	1238	1	1439981786
171	1239	1	1439981929
171	1240	1	1439981975
171	1241	1	1439982016
171	1242	1	1439982050
171	1243	1	1439982083
171	1244	1	1439982122
171	1245	1	1439982174
172	1246	1	1442788777
66	1247	1	1442788850
173	1248	1	1442788933
170	1249	1	1443816291
170	1250	1	1443816291
170	1251	1	1443816291
170	1252	1	1443816292
170	1253	1	1443816292
170	1254	1	1443816292
170	1255	1	1443816292
90	1256	1	1450286704
90	1257	1	1450290262
137	1258	1	1451502183
137	1259	1	1451502236
137	1260	1	1451502239
174	1261	1	1459869287
161	1262	1	1461695600
137	1263	1	1462387281
175	1264	1	1463821980
176	1265	1	1467051446
176	1265	1	1468492931
176	1266	1	1468492984
176	1267	1	1468493017
90	1268	1	1472130748
90	1269	1	1472130749
121	1270	1	1473310009
154	1271	1	1487201249
133	1272	1	1487250387
113	1273	1	1497569176
