1	1	1	1140649647
2	1	1	1151660940
2	1	1	1160158647
2	1	1	1177580927
3	1	1	1216681821
4	1	1	1235162452
5	1	1	1435149812
5	1	1	1439749179
6	1	1	1468529752
7	1	1	1469935471
8	1	1	1469935579
9	2	1	1103620988
9	2	1	1119697248
10	2	1	1141067713
10	2	1	1141067911
10	2	1	1141067946
9	3	1	1103620988
9	3	1	1119697250
10	3	1	1141068738
9	4	1	1103620988
9	4	1	1119697250
10	4	1	1141065999
11	5	1	1114209383
12	5	1	1429224310
13	6	1	1126457186
14	7	1	1134275737
15	7	1	1135662230
14	7	1	1137375689
14	8	1	1134275663
14	9	1	1134275677
15	10	1	1135662324
14	10	1	1137375787
16	10	1	1137613692
16	11	1	1135212213
16	11	1	1135689890
16	12	1	1135212225
16	12	1	1442115151
15	13	1	1135661597
15	14	1	1135661691
16	15	1	1137283714
16	16	1	1137283874
16	16	1	1140392849
16	16	1	1141854262
17	16	1	1489178549
18	17	1	1137749255
1	18	1	1140649647
10	18	1	1140804794
10	19	1	1140804867
10	19	1	1140806404
10	19	1	1140806992
10	19	1	1140807231
10	19	1	1140815599
10	19	1	1140868508
10	19	1	1140868668
10	19	1	1140882693
10	19	1	1140953285
10	19	1	1140970697
10	19	1	1140970827
10	19	1	1140971118
10	19	1	1140971398
10	19	1	1140971506
10	19	1	1140974427
19	19	1	1171804332
19	19	1	1171888687
19	19	1	1171889518
19	19	1	1171889944
19	19	1	1171890332
19	19	1	1171891807
19	19	1	1171891822
19	19	1	1171892507
19	19	1	1172201608
10	20	1	1140805754
4	20	1	1259150985
20	20	1	1296679066
5	20	1	1435746600
21	20	1	1493064443
10	21	1	1140806559
10	21	1	1140806727
10	21	1	1140868725
10	21	1	1140869323
10	22	1	1140806763
10	23	1	1140807535
10	23	1	1140808291
10	23	1	1140808343
10	23	1	1140808553
10	23	1	1140808596
10	23	1	1140971605
19	23	1	1171899789
22	23	1	1357809984
10	24	1	1140807628
10	25	1	1140809340
10	25	1	1140809688
23	25	1	1140850896
10	25	1	1140870525
24	25	1	1140886677
24	25	1	1140886699
10	26	1	1140809435
12	26	1	1429224306
10	27	1	1140809993
10	27	1	1345551316
6	27	1	1468530080
21	27	1	1493064413
10	28	1	1140810871
2	28	1	1160158557
2	28	1	1169714068
2	28	1	1173272214
3	28	1	1218670497
20	28	1	1329928440
5	28	1	1345694984
25	28	1	1424695075
8	28	1	1469936001
6	28	1	1471242595
21	28	1	1493064401
21	28	1	1493064641
10	29	1	1140813861
22	29	1	1364211004
22	29	1	1364211009
10	30	1	1140814676
10	30	1	1140883124
10	30	1	1140883400
23	31	1	1140851171
10	32	1	1140870145
10	32	1	1140870220
21	32	1	1448399647
10	33	1	1140883177
24	34	1	1140886445
10	35	1	1140952374
10	35	1	1140953036
10	35	1	1140953054
10	35	1	1140953071
19	35	1	1171537343
22	35	1	1357638584
22	35	1	1357813732
22	35	1	1357813756
10	36	1	1140971246
10	37	1	1140971913
10	37	1	1140972142
10	37	1	1140972182
19	37	1	1171892764
19	37	1	1171893181
19	37	1	1171893742
19	37	1	1171893956
19	37	1	1171893980
19	37	1	1171899365
19	37	1	1171899436
22	37	1	1357809649
10	38	1	1140972688
10	38	1	1140973225
26	38	1	1219101973
3	38	1	1225808970
4	38	1	1242812679
4	38	1	1251510620
4	38	1	1253187067
4	38	1	1253389762
4	38	1	1262279353
4	38	1	1268481264
4	38	1	1268541188
4	38	1	1285564273
4	38	1	1288079828
20	38	1	1297502686
20	38	1	1297541990
20	38	1	1298946949
27	38	1	1318979373
27	38	1	1323554891
5	38	1	1418924547
5	38	1	1444105884
5	38	1	1462334900
21	38	1	1493064345
10	39	1	1140972910
10	39	1	1140973292
2	39	1	1151660078
2	39	1	1163106297
2	39	1	1167854941
2	39	1	1179171622
26	39	1	1219101933
3	39	1	1225811713
4	39	1	1234487369
4	39	1	1235122535
4	39	1	1244416401
4	39	1	1245355968
4	39	1	1249111321
4	39	1	1253187607
4	39	1	1253389236
4	39	1	1255116407
4	39	1	1255616142
4	39	1	1261241182
4	39	1	1265461573
4	39	1	1268534854
4	39	1	1285230578
28	39	1	1292215789
20	39	1	1299116338
21	39	1	1314693245
27	39	1	1318979153
27	39	1	1322043194
29	39	1	1322746166
5	39	1	1342434796
5	39	1	1343257989
5	39	1	1346330810
5	39	1	1367076653
21	39	1	1383056148
5	39	1	1437324231
5	39	1	1439728162
5	39	1	1450332270
21	39	1	1450921532
7	39	1	1480746118
21	39	1	1493064346
10	40	1	1140973399
2	40	1	1151660003
2	40	1	1159717921
19	40	1	1171624716
2	40	1	1184438317
2	40	1	1209952423
26	40	1	1219102056
3	40	1	1221055922
3	40	1	1226792650
4	40	1	1237666565
4	40	1	1241844751
4	40	1	1244712755
4	40	1	1251528298
4	40	1	1252420860
4	40	1	1256538583
4	40	1	1275113528
4	40	1	1276348063
20	40	1	1299085117
20	40	1	1304246353
21	40	1	1315568023
30	40	1	1323111212
20	40	1	1323886231
5	40	1	1338415272
5	40	1	1342699368
21	40	1	1343294085
5	40	1	1354074551
5	40	1	1365422304
21	40	1	1366482839
5	40	1	1371139928
5	40	1	1376034948
21	40	1	1410973183
21	40	1	1439296960
21	40	1	1493064350
10	41	1	1140973500
26	41	1	1219102191
3	41	1	1219572009
3	41	1	1227282153
4	41	1	1255519766
4	41	1	1255676127
4	41	1	1256400548
4	41	1	1260467831
4	41	1	1282845758
4	41	1	1288942295
20	41	1	1292639224
20	41	1	1293117777
20	41	1	1299081596
27	41	1	1322423652
20	41	1	1336534262
5	41	1	1356653064
5	41	1	1367802525
5	41	1	1376529722
21	41	1	1407954615
21	41	1	1493064354
10	42	1	1140973577
2	42	1	1151659918
2	42	1	1159908864
2	42	1	1161361267
2	42	1	1164989556
2	42	1	1167854731
2	42	1	1169057424
2	42	1	1178274144
2	42	1	1210912693
26	42	1	1219102110
3	42	1	1220579452
4	42	1	1235182182
4	42	1	1244199100
4	42	1	1249115284
4	42	1	1249601895
4	42	1	1252553482
4	42	1	1255459347
4	42	1	1265539920
4	42	1	1273600846
4	42	1	1277981460
4	42	1	1278807007
4	42	1	1283599872
20	42	1	1292636795
20	42	1	1300276577
30	42	1	1303290800
20	42	1	1307138495
27	42	1	1338348560
5	42	1	1342561091
5	42	1	1360662329
5	42	1	1369992200
21	42	1	1408386053
21	42	1	1411053039
21	42	1	1412901362
21	42	1	1463595457
6	42	1	1488874821
21	42	1	1493064358
10	43	1	1140973697
26	43	1	1219102291
3	43	1	1220870965
4	43	1	1235526204
4	43	1	1242714831
4	43	1	1242854194
4	43	1	1256312479
4	43	1	1258815308
4	43	1	1261815683
4	43	1	1268781873
4	43	1	1278604835
4	43	1	1284054067
20	43	1	1304005134
21	43	1	1317367209
27	43	1	1319257750
20	43	1	1320258418
27	43	1	1322802257
20	43	1	1323704823
27	43	1	1330092209
20	43	1	1336576647
5	43	1	1338857137
5	43	1	1343140549
5	43	1	1356066127
5	43	1	1367169227
20	43	1	1387313551
21	43	1	1408559298
5	43	1	1421661809
5	43	1	1446248056
21	43	1	1493064359
10	44	1	1140973796
26	44	1	1219102315
3	44	1	1221179448
4	44	1	1234896013
4	44	1	1249715981
4	44	1	1252197534
4	44	1	1261164305
4	44	1	1265220799
4	44	1	1268952480
4	44	1	1278320110
20	44	1	1317072532
27	44	1	1320957340
27	44	1	1322806105
5	44	1	1338915826
21	44	1	1343651763
5	44	1	1370704153
20	44	1	1387324960
31	44	1	1394445688
5	44	1	1440656315
5	44	1	1448879104
21	44	1	1450218425
7	44	1	1469935145
21	44	1	1493064361
10	45	1	1141070936
10	45	1	1141149483
10	46	1	1141071015
10	46	1	1141071052
10	46	1	1141149566
10	47	1	1141071164
2	47	1	1151659785
5	47	1	1435746010
7	47	1	1469935714
21	47	1	1493064429
10	48	1	1141071472
2	48	1	1151659855
2	48	1	1160158578
26	48	1	1219102369
3	48	1	1219161147
3	48	1	1226465123
4	48	1	1235171273
4	48	1	1235181876
4	48	1	1237338198
4	48	1	1239304527
4	48	1	1251088464
4	48	1	1256329486
4	48	1	1262456905
4	48	1	1269602613
4	48	1	1270888382
4	48	1	1270900769
4	48	1	1275002392
4	48	1	1278794796
4	48	1	1283523276
4	48	1	1287859468
20	48	1	1296232868
20	48	1	1297611724
20	48	1	1307176366
27	48	1	1319204100
30	48	1	1322364627
21	48	1	1328185719
29	48	1	1335057605
21	48	1	1343633001
5	48	1	1365475773
5	48	1	1376144212
21	48	1	1382385278
5	48	1	1421196056
21	48	1	1427550307
21	48	1	1429856364
21	48	1	1438592840
5	48	1	1441535084
21	48	1	1459601373
21	48	1	1465038643
21	48	1	1466754323
6	48	1	1473372811
21	48	1	1493064395
2	49	1	1151659948
2	49	1	1163106236
26	49	1	1219102267
3	49	1	1219154173
4	49	1	1234348685
4	49	1	1237805264
4	49	1	1247629958
4	49	1	1249098189
4	49	1	1255109878
4	49	1	1282004848
20	49	1	1304079266
30	49	1	1306354895
20	49	1	1311259613
27	49	1	1322783659
29	49	1	1333060438
5	49	1	1337568720
5	49	1	1346376661
5	49	1	1350560957
5	49	1	1350711560
5	49	1	1355734288
21	49	1	1384516329
21	49	1	1407868484
21	49	1	1425730826
21	49	1	1429607574
21	49	1	1432145894
21	49	1	1493064353
10	50	1	1141148957
10	50	1	1141149005
10	50	1	1141149157
10	50	1	1141149211
2	50	1	1151660058
2	50	1	1163106268
2	50	1	1167854922
2	50	1	1168978294
2	50	1	1177593889
2	50	1	1210763506
3	50	1	1218704077
26	50	1	1219101881
3	50	1	1220706444
3	50	1	1225917042
4	50	1	1235723463
4	50	1	1244625492
4	50	1	1251492496
4	50	1	1253510579
4	50	1	1255362406
4	50	1	1268538430
4	50	1	1281600363
4	50	1	1284741283
20	50	1	1304067887
21	50	1	1314698679
27	50	1	1318982891
27	50	1	1322048688
30	50	1	1322529750
27	50	1	1329973624
21	50	1	1345824712
21	50	1	1359668350
5	50	1	1367076780
5	50	1	1373241923
5	50	1	1375806328
31	50	1	1402513265
21	50	1	1410382344
5	50	1	1437332423
5	50	1	1438067205
5	50	1	1440187877
5	50	1	1444109623
21	50	1	1450923199
5	50	1	1462336057
21	50	1	1493064346
10	51	1	1141149406
21	51	1	1334815983
21	51	1	1345408464
22	51	1	1364034316
10	52	1	1141149425
10	53	1	1141149449
10	54	1	1141149497
10	55	1	1141149514
10	56	1	1141149526
10	57	1	1141149811
2	57	1	1160158627
2	57	1	1173696358
2	57	1	1211856040
4	57	1	1268942700
28	57	1	1294075402
20	57	1	1306718624
27	57	1	1343820491
21	57	1	1429463689
21	57	1	1447443897
21	57	1	1493064336
10	58	1	1141149824
32	58	1	1201629588
10	59	1	1141149897
2	59	1	1151660098
2	59	1	1160158637
2	59	1	1172660525
2	59	1	1173606940
3	59	1	1215629016
4	59	1	1242957922
4	59	1	1243022991
4	59	1	1270186157
4	59	1	1286167390
27	59	1	1328281355
5	59	1	1436538873
6	59	1	1468527569
21	59	1	1493064331
10	60	1	1141149906
10	61	1	1141149964
10	62	1	1141150017
2	62	1	1160158598
4	62	1	1235262452
7	62	1	1490364208
21	62	1	1493064336
10	63	1	1141150063
10	64	1	1141150072
2	64	1	1151660713
2	64	1	1160046046
2	64	1	1163106142
2	64	1	1165011011
2	64	1	1172660698
2	64	1	1173602882
2	64	1	1211032053
3	64	1	1220446328
4	64	1	1235174837
4	64	1	1270839050
4	64	1	1281393431
4	64	1	1287931119
30	64	1	1310585043
20	64	1	1322682970
30	64	1	1326161330
21	64	1	1346838090
27	64	1	1352424786
20	64	1	1388594022
21	64	1	1397333115
21	64	1	1423938553
5	64	1	1462236638
6	64	1	1468527579
21	64	1	1493064331
10	65	1	1141150131
10	66	1	1141150204
21	66	1	1479910436
10	67	1	1141150217
10	68	1	1141150353
2	70	1	1151660439
2	70	1	1167854861
2	70	1	1184484970
2	70	1	1210728683
26	70	1	1219102028
3	70	1	1221055634
3	70	1	1226794219
4	70	1	1248150954
4	70	1	1251532346
4	70	1	1259085487
4	70	1	1263392533
4	70	1	1268713308
4	70	1	1278827723
4	70	1	1280457515
4	70	1	1281546096
4	70	1	1282826920
4	70	1	1282997303
20	70	1	1304069201
21	70	1	1315571095
27	70	1	1321793780
30	70	1	1322923180
29	70	1	1333056465
21	70	1	1341602460
21	70	1	1343293874
27	70	1	1343922508
5	70	1	1356229875
5	70	1	1371403099
5	70	1	1371513896
5	70	1	1376041872
21	70	1	1383733471
21	70	1	1392406169
21	70	1	1407696198
21	70	1	1414001223
5	70	1	1435888803
5	70	1	1440453183
5	70	1	1448746090
21	70	1	1463487088
7	70	1	1469935195
7	70	1	1476146587
5	70	1	1480090234
21	70	1	1493064350
16	72	1	1141854262
16	73	1	1141854280
10	74	1	1142059262
26	74	1	1218900153
26	74	1	1218900695
3	74	1	1219092312
3	74	1	1221146200
4	74	1	1234008572
4	74	1	1236228362
26	74	1	1236427024
26	74	1	1236427243
4	74	1	1237449990
4	74	1	1251482917
4	74	1	1259329278
4	74	1	1266236331
4	74	1	1267640882
4	74	1	1267676167
4	74	1	1267683354
4	74	1	1278798154
4	74	1	1280167542
20	74	1	1292636881
28	74	1	1294278450
20	74	1	1304075391
21	74	1	1316005731
27	74	1	1320153367
27	74	1	1322095593
30	74	1	1322749248
20	74	1	1323920600
29	74	1	1330660463
21	74	1	1332423902
27	74	1	1336244529
5	74	1	1343251376
5	74	1	1376246582
21	74	1	1383825409
21	74	1	1407785066
21	74	1	1410688840
5	74	1	1419205753
5	74	1	1421297454
5	74	1	1440481199
7	74	1	1485340844
5	74	1	1487464597
21	74	1	1493064352
10	76	1	1142675947
20	76	1	1340488525
21	76	1	1493064406
10	77	1	1142675994
10	78	1	1142676067
10	79	1	1142676123
10	80	1	1142676171
10	83	1	1143801423
19	83	1	1171624888
6	83	1	1468530464
21	83	1	1493064446
10	84	1	1143874571
4	84	1	1237829202
21	84	1	1493064459
10	85	1	1143874677
6	85	1	1468530494
21	85	1	1493064442
16	86	1	1145126740
33	88	1	1151659294
34	89	1	1151849403
35	89	1	1277174181
35	89	1	1277175549
36	90	1	1158785496
35	90	1	1225272265
37	91	1	1160831383
37	92	1	1160831414
37	93	1	1162203086
21	93	1	1337723598
21	93	1	1424808460
38	94	1	1165598166
38	94	1	1165598191
2	94	1	1167854161
2	94	1	1170515264
2	94	1	1173919489
4	94	1	1234876084
4	94	1	1235025289
39	94	1	1295020672
39	94	1	1302521798
30	94	1	1315213165
6	94	1	1468530229
21	94	1	1493064396
38	95	1	1165598266
2	95	1	1167854251
2	95	1	1168168718
2	95	1	1169292082
2	95	1	1177984945
2	95	1	1177998998
2	95	1	1179146697
3	95	1	1217884650
4	95	1	1237700408
4	95	1	1244983580
4	95	1	1250802274
4	95	1	1256387309
4	95	1	1257188070
4	95	1	1282028642
4	95	1	1282987250
4	95	1	1288116221
28	95	1	1295441093
30	95	1	1303622377
27	95	1	1319170889
29	95	1	1321242265
30	95	1	1322437372
20	95	1	1324381843
21	95	1	1326962010
5	95	1	1340491840
21	95	1	1343752185
5	95	1	1374404591
5	95	1	1376089760
20	95	1	1390004687
21	95	1	1459489323
21	95	1	1493064389
38	96	1	1165598305
2	96	1	1167854451
2	96	1	1168291364
2	96	1	1175702428
3	96	1	1217366726
39	96	1	1227592029
4	96	1	1235382254
4	96	1	1237446139
4	96	1	1251605827
4	96	1	1257362129
4	96	1	1265642070
4	96	1	1268877363
4	96	1	1271345071
4	96	1	1273945740
4	96	1	1279700708
20	96	1	1292639108
20	96	1	1296000554
20	96	1	1300832312
20	96	1	1318661269
21	96	1	1343738037
5	96	1	1376235147
21	96	1	1409229407
5	96	1	1441045265
5	96	1	1452580493
6	96	1	1472828562
21	96	1	1493064375
38	97	1	1165598336
2	97	1	1167855111
2	97	1	1170515514
4	97	1	1234898436
4	97	1	1237701346
20	97	1	1296327796
20	97	1	1303337892
6	97	1	1468529298
7	97	1	1482583862
21	97	1	1493064389
19	98	1	1171537069
19	98	1	1171537633
19	99	1	1171537128
40	99	1	1397077979
19	100	1	1171889354
19	100	1	1171889462
19	100	1	1171890519
19	100	1	1171891670
19	100	1	1171891723
19	101	1	1171889818
19	101	1	1171899950
19	101	1	1171899993
19	101	1	1171900046
19	101	1	1172200734
19	101	1	1172200778
19	102	1	1171890482
19	103	1	1171892470
19	103	1	1171893086
19	103	1	1171893476
19	103	1	1171893528
19	103	1	1171894021
19	103	1	1171899830
41	103	1	1171994720
19	103	1	1172200865
19	103	1	1172201511
21	104	1	1349091071
21	104	1	1349093337
21	104	1	1349094114
39	104	1	1359123243
21	104	1	1417592808
21	104	1	1418822443
21	104	1	1419609340
21	104	1	1424199076
21	104	1	1424268107
21	104	1	1424768941
21	104	1	1425384550
21	104	1	1425670552
21	104	1	1425996329
21	104	1	1426165556
21	104	1	1428417194
21	104	1	1429168334
21	104	1	1431685273
21	104	1	1432569239
21	104	1	1433534380
21	104	1	1433538270
21	104	1	1439467029
21	104	1	1442220718
21	104	1	1444037236
21	104	1	1446151205
21	104	1	1450211638
21	104	1	1472640835
21	104	1	1481696171
42	104	1	1498738158
19	105	1	1172201608
19	105	1	1172201634
19	105	1	1172201756
10	105	1	1177568548
10	105	1	1177568904
10	105	1	1177569073
10	105	1	1177569232
10	105	1	1177569327
10	105	1	1177569383
10	105	1	1177569529
10	105	1	1177569589
10	105	1	1177569669
10	105	1	1177569727
10	105	1	1177569900
10	105	1	1177570301
10	105	1	1178764550
10	105	1	1345553424
10	105	1	1345720864
22	105	1	1357814190
22	105	1	1357814330
22	105	1	1360577663
22	105	1	1360577750
10	108	1	1177569981
10	108	1	1177570041
10	108	1	1177570128
10	109	1	1177570361
43	109	1	1179339226
41	109	1	1186402204
44	109	1	1468057391
10	110	1	1178622490
10	111	1	1178622532
10	112	1	1178622591
10	113	1	1178622617
10	114	1	1178622690
10	115	1	1178678025
10	116	1	1178678071
10	117	1	1178764423
10	118	1	1178764454
10	119	1	1178764499
10	119	1	1178764525
35	119	1	1298334298
35	119	1	1298334549
35	119	1	1298334583
35	119	1	1298334657
35	119	1	1298334709
35	119	1	1298334729
22	119	1	1356695579
22	119	1	1360665976
22	119	1	1361962183
22	119	1	1361963722
22	119	1	1361963806
22	119	1	1361963958
22	119	1	1362056325
22	119	1	1362056832
22	119	1	1362482383
45	119	1	1363201762
22	119	1	1364905685
22	119	1	1364906570
22	119	1	1364906606
22	119	1	1364906872
22	119	1	1364993187
22	119	1	1364993251
22	119	1	1364994517
45	119	1	1365547013
45	119	1	1366777905
22	119	1	1366797645
22	119	1	1366797660
22	119	1	1366798669
45	119	1	1367292575
45	119	1	1367345967
45	119	1	1369081614
45	119	1	1369992695
45	119	1	1370309097
45	119	1	1370441237
45	119	1	1371961215
45	119	1	1374584728
46	119	1	1374596644
45	119	1	1377025048
45	119	1	1379989026
45	119	1	1380911120
45	119	1	1381262253
45	119	1	1383680753
45	119	1	1384816489
47	119	1	1389854834
47	119	1	1392813050
47	119	1	1393020013
47	119	1	1393616673
47	119	1	1394747804
47	119	1	1396307077
40	119	1	1396746215
48	119	1	1396891504
47	119	1	1400531913
47	119	1	1400880564
47	119	1	1403214889
49	119	1	1408639431
49	119	1	1408639508
49	119	1	1408639841
47	119	1	1408642519
47	119	1	1408659318
47	119	1	1409676720
47	119	1	1414346725
47	119	1	1415986489
40	119	1	1421042375
47	119	1	1425249164
47	119	1	1425499300
47	119	1	1426275934
47	119	1	1428682324
47	119	1	1429592829
47	119	1	1430711309
47	119	1	1431883695
47	119	1	1431887511
47	119	1	1433533604
47	119	1	1433546569
47	119	1	1434751237
47	119	1	1434756302
47	119	1	1437714478
47	119	1	1437718883
47	119	1	1438386173
47	119	1	1438393676
47	119	1	1439939334
50	119	1	1439944918
47	119	1	1439958386
47	119	1	1441217561
47	119	1	1441221371
47	119	1	1441399973
47	119	1	1442955673
47	119	1	1442964489
47	119	1	1443459379
47	119	1	1447106260
47	119	1	1447152485
47	119	1	1447796542
21	119	1	1448309794
47	119	1	1448488041
47	119	1	1448980696
47	119	1	1450472289
47	119	1	1450475890
47	119	1	1451958548
47	119	1	1453144017
47	119	1	1459442872
47	119	1	1460927290
47	119	1	1467205571
47	119	1	1467342339
47	119	1	1470765752
21	119	1	1472205422
47	119	1	1473692202
47	119	1	1473772668
47	119	1	1475266260
47	119	1	1475717691
47	119	1	1479081564
47	119	1	1479082287
47	119	1	1480450090
47	119	1	1481743912
47	119	1	1487190640
47	119	1	1489088675
47	119	1	1489813773
47	119	1	1491536189
47	119	1	1491932061
47	119	1	1492070515
47	119	1	1493838895
47	119	1	1494253747
47	119	1	1494945557
47	119	1	1494968915
47	119	1	1495573574
47	119	1	1496306326
43	119	1	1496342089
47	119	1	1498033674
47	119	1	1499353392
10	120	1	1178764525
51	120	1	1361024891
43	122	1	1179339215
52	124	1	1189783255
52	125	1	1189783456
52	125	1	1189783481
52	125	1	1190812626
52	125	1	1192738307
52	125	1	1195233835
52	125	1	1196101872
53	126	1	1189807468
54	129	1	1238697429
53	133	1	1191528582
53	133	1	1191528600
35	134	1	1191979140
35	134	1	1329611604
55	135	1	1192170175
55	136	1	1192170201
56	137	1	1193220335
56	137	1	1199486443
57	142	1	1196631815
58	142	1	1356415903
59	143	1	1196690369
60	144	1	1198488407
61	147	1	1247818275
62	147	1	1312607679
45	147	1	1351956694
45	147	1	1351958165
22	147	1	1360578950
22	147	1	1360665390
22	147	1	1362482414
63	148	1	1201210404
63	149	1	1201210430
32	150	1	1201565243
64	152	1	1206295099
64	153	1	1206295103
65	154	1	1206568468
64	155	1	1209253006
64	155	1	1210644596
35	155	1	1225437171
66	156	1	1209652606
67	157	1	1212300774
68	158	1	1212958189
68	158	1	1217313076
68	158	1	1349137067
68	158	1	1349166063
68	158	1	1350156317
68	158	1	1350156397
68	158	1	1350156423
10	160	1	1213091661
54	160	1	1238696373
10	161	1	1213091948
10	162	1	1213091971
10	163	1	1213092025
10	164	1	1213092061
10	165	1	1345549881
69	166	1	1213746142
69	166	1	1213816395
69	166	1	1261738299
69	166	1	1293373374
69	166	1	1336428129
69	166	1	1372518893
69	167	1	1214147371
70	168	1	1214408547
70	169	1	1214408569
70	170	1	1214408598
70	170	1	1247824824
70	171	1	1214408634
26	171	1	1236428237
71	171	1	1292598495
72	171	1	1293706897
72	171	1	1293709689
35	171	1	1298334316
51	171	1	1361024876
73	172	1	1218483482
26	173	1	1218900153
26	174	1	1219101881
26	175	1	1219101933
26	176	1	1219101973
26	177	1	1219102028
26	178	1	1219102056
26	179	1	1219102110
26	180	1	1219102191
26	181	1	1219102267
26	182	1	1219102291
26	183	1	1219102315
26	184	1	1219102369
74	185	1	1219864184
35	185	1	1225532825
39	186	1	1221031696
39	187	1	1221031709
75	188	1	1222966031
76	189	1	1224278041
35	190	1	1225175777
77	191	1	1225309404
77	192	1	1225314072
77	193	1	1225318500
35	194	1	1225346840
77	195	1	1225364997
77	195	1	1226319797
77	196	1	1225380423
77	197	1	1225380564
35	198	1	1225412139
77	199	1	1225454689
77	199	1	1225477624
77	199	1	1225585582
77	199	1	1225599254
77	199	1	1225652534
77	199	1	1225682004
77	199	1	1225726177
77	199	1	1225774318
77	199	1	1225833946
77	199	1	1225860357
77	199	1	1225878343
77	199	1	1226009691
77	199	1	1226378711
77	199	1	1226498608
77	199	1	1227102789
77	199	1	1227876799
77	199	1	1229410936
77	199	1	1230226187
77	199	1	1230238914
77	199	1	1230767572
77	199	1	1231585131
77	199	1	1232067801
77	199	1	1232471348
77	199	1	1232479490
77	199	1	1233056386
77	199	1	1233097315
77	199	1	1233122518
77	199	1	1233208875
77	199	1	1233556013
77	199	1	1234448664
77	199	1	1234948558
77	199	1	1235326537
77	199	1	1235494946
77	199	1	1236127774
77	199	1	1237339117
77	199	1	1238043916
77	199	1	1238074779
77	199	1	1238717064
77	199	1	1240462430
35	200	1	1225587468
35	201	1	1225683517
35	202	1	1225774734
35	203	1	1225864289
59	203	1	1381345217
77	204	1	1225929045
77	204	1	1226287394
77	205	1	1225941301
77	206	1	1225958157
77	206	1	1226309564
77	207	1	1226227168
78	208	1	1226491803
78	209	1	1226503579
35	210	1	1226547757
35	211	1	1227255373
35	212	1	1227887223
4	213	1	1233587627
4	213	1	1234348680
4	213	1	1235210729
4	213	1	1248984993
27	213	1	1322963500
35	214	1	1234153073
35	215	1	1234568656
35	216	1	1235277895
35	217	1	1235281737
21	218	1	1345618562
22	218	1	1364034260
79	218	1	1458600773
79	218	1	1458602354
79	218	1	1458602426
21	236	1	1334822776
21	236	1	1345622316
26	238	1	1236374274
26	239	1	1236374324
26	241	1	1236418508
26	242	1	1236418583
26	242	1	1236418597
26	243	1	1236418755
26	244	1	1236419200
26	244	1	1236419245
26	244	1	1236426492
26	245	1	1236422280
26	246	1	1236422355
26	247	1	1236422437
26	248	1	1236422495
26	249	1	1236422562
26	250	1	1236422651
26	251	1	1236422758
26	252	1	1236422894
26	253	1	1236423103
26	254	1	1236423140
26	255	1	1236423174
26	256	1	1236427193
4	256	1	1281570292
20	256	1	1296715062
20	256	1	1388216619
21	256	1	1393265821
21	256	1	1410285034
21	256	1	1430814080
5	256	1	1434983168
31	256	1	1443961537
7	256	1	1488814028
21	256	1	1493064455
26	257	1	1236427283
4	257	1	1236553714
4	257	1	1238727789
4	257	1	1238782299
28	257	1	1246991259
4	257	1	1261322641
4	257	1	1280154268
4	257	1	1288665524
30	257	1	1304156930
21	257	1	1307012297
21	257	1	1314601927
27	257	1	1319056416
27	257	1	1322005323
29	257	1	1334268775
29	257	1	1336855385
29	257	1	1336917132
21	257	1	1347330835
21	257	1	1350896330
21	257	1	1382532405
31	257	1	1404571932
21	257	1	1424112402
21	257	1	1434143055
5	257	1	1440170715
5	257	1	1446204121
5	257	1	1467884778
7	257	1	1475117083
6	257	1	1489607286
21	257	1	1493064343
26	258	1	1236427304
4	258	1	1236553718
4	258	1	1247665542
4	258	1	1250632723
4	258	1	1258468781
4	258	1	1267685583
4	258	1	1277209790
4	258	1	1280163889
21	258	1	1307711146
27	258	1	1319274653
30	258	1	1322336630
5	258	1	1347316078
5	258	1	1350511745
5	258	1	1376899207
20	258	1	1386684342
20	258	1	1386795191
21	258	1	1387223931
21	258	1	1409458172
21	258	1	1430359147
5	258	1	1441212595
6	258	1	1485319436
21	258	1	1493064380
26	259	1	1236427377
26	259	1	1236427486
4	259	1	1236558908
4	259	1	1237865336
80	259	1	1238927016
4	259	1	1242747750
4	259	1	1243872640
4	259	1	1267677956
4	259	1	1267763311
4	259	1	1280159575
20	259	1	1304080004
21	259	1	1306402497
27	259	1	1319396831
30	259	1	1322617940
29	259	1	1333320435
29	259	1	1336924195
5	259	1	1347470644
5	259	1	1350657855
21	259	1	1382460012
20	259	1	1386706127
20	259	1	1387397066
21	259	1	1409682616
21	259	1	1411941589
21	259	1	1430552851
5	259	1	1441467675
6	259	1	1483850345
21	259	1	1493064391
26	260	1	1236427424
26	260	1	1236427462
4	260	1	1236553623
4	260	1	1243294534
4	260	1	1247403269
4	260	1	1250632734
4	260	1	1250707229
4	260	1	1260117329
4	260	1	1267677824
4	260	1	1267755321
4	260	1	1272009240
4	260	1	1280154796
4	260	1	1281453966
20	260	1	1304217338
21	260	1	1306194594
21	260	1	1307708781
20	260	1	1307876984
20	260	1	1309367208
27	260	1	1319271139
30	260	1	1322189494
27	260	1	1332415088
81	260	1	1347309206
5	260	1	1348498674
5	260	1	1376275446
20	260	1	1386680790
21	260	1	1409249586
5	260	1	1441059391
21	260	1	1443806181
6	260	1	1468529591
7	260	1	1484032049
21	260	1	1493064377
26	261	1	1236427547
4	261	1	1236444905
4	261	1	1239033368
4	261	1	1243954928
4	261	1	1250707172
4	261	1	1268521613
4	261	1	1270336928
4	261	1	1280151752
20	261	1	1292637606
20	261	1	1298645286
20	261	1	1304070364
21	261	1	1306160516
27	261	1	1319281804
30	261	1	1323935193
21	261	1	1333107950
5	261	1	1347295715
5	261	1	1351039805
5	261	1	1357877553
5	261	1	1358175238
20	261	1	1386948902
21	261	1	1407739023
21	261	1	1411416160
21	261	1	1430084783
6	261	1	1488275612
21	261	1	1493064369
26	262	1	1236427609
26	263	1	1236427727
4	263	1	1236444920
4	263	1	1239035885
4	263	1	1242059557
4	263	1	1260531930
4	263	1	1275860002
4	263	1	1280159707
20	263	1	1292639107
20	263	1	1293823234
20	263	1	1301785994
20	263	1	1304120918
30	263	1	1311693965
27	263	1	1319313072
27	263	1	1330167504
5	263	1	1336919064
5	263	1	1347309809
5	263	1	1350551513
5	263	1	1364604330
5	263	1	1376867646
21	263	1	1413495115
31	263	1	1419508247
31	263	1	1429654206
21	263	1	1442341693
6	263	1	1483571397
6	263	1	1488421734
21	263	1	1493064380
26	264	1	1236427791
82	265	1	1277111690
82	265	1	1287684551
82	265	1	1292801399
6	265	1	1468530474
21	265	1	1493064446
4	274	1	1236524100
4	274	1	1258557971
20	274	1	1318122628
39	274	1	1323013129
81	274	1	1346155161
5	274	1	1364481448
5	274	1	1435393589
7	274	1	1469936100
21	274	1	1493064475
4	275	1	1236553877
4	275	1	1240114548
4	275	1	1241006658
4	275	1	1241716650
4	275	1	1254060249
4	275	1	1254611107
4	275	1	1266873025
4	275	1	1282930627
39	275	1	1304972554
27	275	1	1319105466
30	275	1	1322606236
20	275	1	1325552688
27	275	1	1329622078
21	275	1	1341773694
5	275	1	1344147532
5	275	1	1350771270
5	275	1	1353018226
5	275	1	1356178786
5	275	1	1362371298
5	275	1	1367266553
20	275	1	1386887678
21	275	1	1410254489
5	275	1	1429560950
6	275	1	1468530159
21	275	1	1493064399
4	276	1	1236553554
4	276	1	1240044508
4	276	1	1253371768
4	276	1	1266793874
4	276	1	1269590674
4	276	1	1276552805
4	276	1	1277062831
4	276	1	1278981895
4	276	1	1280888268
30	276	1	1305460745
27	276	1	1324236621
30	276	1	1325113028
27	276	1	1329974535
21	276	1	1345404812
58	276	1	1368187056
21	276	1	1381922299
21	276	1	1406483790
31	276	1	1408864506
21	276	1	1410860882
31	276	1	1419872638
21	276	1	1427399661
5	276	1	1434883016
5	276	1	1444081204
5	276	1	1462261087
7	276	1	1473467640
6	276	1	1484202263
21	276	1	1493064333
4	277	1	1236524532
4	277	1	1241025469
4	277	1	1251633269
4	277	1	1256239700
4	277	1	1256573988
3	277	1	1262166151
4	277	1	1264241949
4	277	1	1264534486
4	277	1	1265898050
4	277	1	1274194598
4	277	1	1276584845
4	277	1	1279416077
4	277	1	1280889911
4	277	1	1280956501
4	277	1	1281280392
4	277	1	1282856708
4	277	1	1285550840
4	277	1	1287203867
20	277	1	1297501249
21	277	1	1313752181
27	277	1	1331527495
21	277	1	1343286171
58	277	1	1368185977
58	277	1	1368956713
21	277	1	1406486352
21	277	1	1424010306
21	277	1	1441501019
21	277	1	1463197329
6	277	1	1468527481
7	277	1	1478148642
21	277	1	1493064334
4	278	1	1236524364
4	278	1	1237180010
4	278	1	1251274375
4	278	1	1254349228
4	278	1	1260336235
4	278	1	1263318009
4	278	1	1272957807
4	278	1	1274405517
4	278	1	1280887178
20	278	1	1292617622
27	278	1	1319079848
30	278	1	1326396816
27	278	1	1328140855
27	278	1	1332369670
5	278	1	1338762351
5	278	1	1347832351
5	278	1	1367877727
5	278	1	1373423620
21	278	1	1409144959
21	278	1	1427488857
21	278	1	1458485026
6	278	1	1485132674
21	278	1	1493064373
4	279	1	1236524250
4	279	1	1238448402
4	279	1	1242748037
4	279	1	1253218597
4	279	1	1264789639
4	279	1	1265578313
4	279	1	1283608824
20	279	1	1292639114
20	279	1	1304091258
27	279	1	1319083515
27	279	1	1330085153
20	279	1	1333318757
5	279	1	1368280846
20	279	1	1387387001
21	279	1	1409120476
21	279	1	1430120837
5	279	1	1440950999
21	279	1	1458468426
21	279	1	1464211341
6	279	1	1486832872
7	279	1	1490407834
21	279	1	1493064371
4	280	1	1236524146
27	280	1	1333114714
6	280	1	1468530110
21	280	1	1493064403
4	281	1	1236554385
4	281	1	1253985727
4	281	1	1260462635
4	281	1	1267799381
4	281	1	1280886256
4	281	1	1281022802
4	281	1	1283101244
20	281	1	1292639112
20	281	1	1308152912
30	281	1	1311454640
27	281	1	1319043724
21	281	1	1321427653
30	281	1	1326394788
20	281	1	1333319609
5	281	1	1351062766
5	281	1	1367860696
5	281	1	1373460894
20	281	1	1386893250
21	281	1	1409122870
31	281	1	1426796502
21	281	1	1430187405
5	281	1	1434897872
5	281	1	1436031548
21	281	1	1458470638
7	281	1	1469935500
7	281	1	1473043436
6	281	1	1486834308
21	281	1	1493064371
4	282	1	1236524069
4	282	1	1269714574
4	282	1	1270883417
39	282	1	1323014206
21	282	1	1340882520
5	282	1	1436360674
21	282	1	1493064405
4	283	1	1236553752
4	283	1	1241010881
4	283	1	1243337712
4	283	1	1273681021
4	283	1	1275854320
4	283	1	1283063758
20	283	1	1304062790
20	283	1	1312638590
27	283	1	1319176297
39	283	1	1323012469
5	283	1	1336591650
27	283	1	1337772556
39	283	1	1338881066
5	283	1	1373591948
21	283	1	1417472809
21	283	1	1459499781
6	283	1	1487360567
21	283	1	1493064390
77	284	1	1237300332
35	285	1	1237618453
35	287	1	1239508083
35	288	1	1239581063
35	289	1	1239584630
35	290	1	1240010338
35	291	1	1240018060
35	292	1	1240082867
35	293	1	1240090462
83	294	1	1242925755
84	295	1	1245309165
28	295	1	1245310506
85	296	1	1246036613
86	296	1	1274366041
21	296	1	1334816282
21	296	1	1345407919
87	296	1	1445088147
85	297	1	1246036624
88	297	1	1284202446
85	298	1	1246036631
88	298	1	1284202456
4	299	1	1246575803
4	299	1	1260756815
4	299	1	1265289953
4	299	1	1280161545
21	299	1	1307965492
27	299	1	1318984776
30	299	1	1322925062
20	299	1	1328663430
5	299	1	1345496879
5	299	1	1350688887
5	299	1	1359252751
20	299	1	1386704332
21	299	1	1410777221
21	299	1	1411972940
21	299	1	1418502698
5	299	1	1441512397
31	299	1	1443951837
5	299	1	1459690708
6	299	1	1468530333
21	299	1	1493064393
4	300	1	1246575099
4	300	1	1248314091
4	300	1	1249052179
4	300	1	1251558567
4	300	1	1251561193
4	300	1	1251566243
4	300	1	1280156736
28	300	1	1292061514
20	300	1	1292637601
20	300	1	1302426721
20	300	1	1307146735
27	300	1	1319312712
27	300	1	1324333585
27	300	1	1330168851
5	300	1	1347267237
5	300	1	1349382705
5	300	1	1350529096
5	300	1	1376898627
20	300	1	1386684247
5	300	1	1434959394
5	300	1	1465841198
6	300	1	1474066736
21	300	1	1493064381
4	301	1	1246574710
4	301	1	1251500755
4	301	1	1262407173
20	301	1	1305148753
21	301	1	1307962411
20	301	1	1336918426
5	301	1	1347576684
5	301	1	1347847140
5	301	1	1349032395
5	301	1	1350723990
5	301	1	1365966408
5	301	1	1374449734
20	301	1	1386769056
31	301	1	1443966528
21	301	1	1493064476
82	302	1	1266664364
4	303	1	1246575193
4	303	1	1251083166
4	303	1	1251921809
4	303	1	1272553938
4	303	1	1279053906
4	303	1	1279561142
30	303	1	1303921829
27	303	1	1319173532
29	303	1	1321345453
30	303	1	1322596116
20	303	1	1324363829
21	303	1	1343757642
5	303	1	1374284415
5	303	1	1375933095
20	303	1	1386961059
21	303	1	1399620784
89	303	1	1404534143
21	303	1	1411898310
5	303	1	1420979058
21	303	1	1430513075
7	303	1	1469935415
6	303	1	1483798904
21	303	1	1493064387
4	304	1	1246574832
4	304	1	1261581073
30	304	1	1305890186
27	304	1	1319423366
21	304	1	1330592499
20	304	1	1386699841
31	304	1	1392710443
31	304	1	1401194561
21	304	1	1430783090
7	304	1	1478998192
7	304	1	1480925257
21	304	1	1493064401
4	305	1	1246896294
4	305	1	1276559614
20	305	1	1324877305
20	305	1	1386960990
5	305	1	1435563276
6	305	1	1468529332
21	305	1	1493064388
4	306	1	1246932972
4	306	1	1251500972
21	306	1	1340882514
21	306	1	1493064406
4	307	1	1247925950
4	307	1	1260462541
4	307	1	1275033172
20	307	1	1304775262
5	307	1	1336999127
31	307	1	1401195721
7	307	1	1478825322
21	307	1	1493064478
20	308	1	1307121031
21	308	1	1493064387
4	309	1	1247925936
4	309	1	1278858187
20	309	1	1296736682
21	309	1	1340883397
5	309	1	1436361982
7	309	1	1488814042
7	309	1	1490421100
21	309	1	1493064464
4	310	1	1247926211
4	310	1	1270555152
4	310	1	1278961695
4	310	1	1280015746
4	310	1	1285629269
20	310	1	1292639105
28	310	1	1294483141
21	310	1	1306309637
27	310	1	1319151591
30	310	1	1322530683
20	310	1	1324323661
27	310	1	1332486520
5	310	1	1346897610
5	310	1	1350568919
5	310	1	1368183664
5	310	1	1376039666
21	310	1	1383925715
21	310	1	1409551438
21	310	1	1413562681
21	310	1	1430451476
21	310	1	1438210477
31	310	1	1440157885
21	310	1	1458883485
7	310	1	1474188790
6	310	1	1485417733
21	310	1	1493064384
25	311	1	1424693580
21	311	1	1424702573
21	311	1	1426502034
21	311	1	1428956748
21	311	1	1432569298
21	311	1	1442496909
21	311	1	1457385345
21	311	1	1470051115
21	311	1	1476351920
7	311	1	1492156193
42	311	1	1498738488
4	312	1	1247926434
4	312	1	1251090281
4	312	1	1251483419
4	312	1	1266345069
4	312	1	1275971830
4	312	1	1285432231
20	312	1	1292639172
30	312	1	1305535149
21	312	1	1316608816
27	312	1	1320535036
30	312	1	1326238447
29	312	1	1330663099
5	312	1	1339823272
21	312	1	1343305305
5	312	1	1367856063
58	312	1	1368924203
5	312	1	1371874915
5	312	1	1373233005
5	312	1	1376772155
21	312	1	1385205830
21	312	1	1411033987
5	312	1	1438045395
31	312	1	1440160102
21	312	1	1463563934
6	312	1	1468528610
6	312	1	1481518755
21	312	1	1493064356
21	313	1	1419545142
21	313	1	1419679530
21	313	1	1419805808
21	313	1	1420219800
21	313	1	1421702987
21	313	1	1422015638
21	313	1	1424281146
21	313	1	1424785519
21	313	1	1425333304
21	313	1	1426502041
21	313	1	1427891879
21	313	1	1431942247
21	313	1	1439903309
21	313	1	1466601470
21	313	1	1476104117
21	313	1	1477042528
42	313	1	1498738468
4	314	1	1247926092
4	314	1	1248464822
4	314	1	1266430153
4	314	1	1266794526
4	314	1	1271432579
4	314	1	1275999513
21	314	1	1314271337
27	314	1	1321964209
20	314	1	1327015470
27	314	1	1331613940
21	314	1	1340551957
81	314	1	1346396582
21	314	1	1350648855
21	314	1	1382441109
21	314	1	1406743303
31	314	1	1408527670
5	314	1	1444096667
5	314	1	1462307585
21	314	1	1493064338
25	315	1	1424693802
21	315	1	1424702176
21	315	1	1425332706
21	315	1	1426502049
21	315	1	1428007516
21	315	1	1431549982
21	315	1	1432569300
21	315	1	1435348923
21	315	1	1442497087
21	315	1	1468228946
21	315	1	1470054734
21	315	1	1470644543
21	315	1	1470650396
21	315	1	1476103571
21	315	1	1492601113
21	315	1	1492897195
42	315	1	1498738458
4	316	1	1247926274
4	316	1	1257353101
4	316	1	1261433129
4	316	1	1271929486
4	316	1	1275973277
4	316	1	1285629077
20	316	1	1292639145
21	316	1	1305710205
21	316	1	1316608720
27	316	1	1320534794
29	316	1	1331218367
5	316	1	1340300012
5	316	1	1348617837
5	316	1	1367855663
5	316	1	1376771545
20	316	1	1388166065
31	316	1	1420035534
21	316	1	1426096819
5	316	1	1438045305
31	316	1	1440159469
21	316	1	1463563824
21	316	1	1493064356
4	317	1	1248100775
4	317	1	1258773482
4	317	1	1270412742
20	317	1	1292639099
20	317	1	1306655354
39	317	1	1322923518
5	317	1	1340266782
5	317	1	1346951193
5	317	1	1350640827
21	317	1	1383589419
21	317	1	1411934257
21	317	1	1413897750
21	317	1	1429861361
7	317	1	1481118991
6	317	1	1487370713
21	317	1	1493064390
25	318	1	1424693613
21	318	1	1424702332
21	318	1	1426502010
21	318	1	1432569282
21	318	1	1439880993
21	318	1	1446105767
21	318	1	1466600720
21	318	1	1476183339
42	318	1	1498738628
90	319	1	1248104041
4	320	1	1248185788
4	320	1	1251087403
4	320	1	1252813578
4	320	1	1273553676
4	320	1	1278863429
4	320	1	1286230146
20	320	1	1294722906
20	320	1	1304034380
21	320	1	1320753680
39	320	1	1322941665
5	320	1	1344168710
5	320	1	1346529490
5	320	1	1350883421
5	320	1	1377081459
5	320	1	1438890452
5	320	1	1450937606
21	320	1	1461138282
21	320	1	1493064368
25	321	1	1424693703
21	321	1	1424702291
21	321	1	1428956609
21	321	1	1445339751
21	321	1	1446105683
21	321	1	1457504372
21	321	1	1474273174
7	321	1	1492155788
42	321	1	1498738618
10	322	1	1248205605
10	323	1	1248376307
10	324	1	1248376346
10	325	1	1248376383
10	326	1	1248376415
10	327	1	1248376447
10	328	1	1248618185
10	329	1	1248618224
10	330	1	1248618271
10	331	1	1248618300
10	332	1	1248618330
4	333	1	1248797239
4	333	1	1257360676
4	333	1	1273839875
4	333	1	1289095757
21	333	1	1306304874
20	333	1	1306530126
20	333	1	1319006183
39	333	1	1320575539
21	333	1	1340275342
5	333	1	1346891475
5	333	1	1350557922
21	333	1	1383764563
20	333	1	1387387990
21	333	1	1409534587
21	333	1	1438198265
31	333	1	1440159049
6	333	1	1483687021
21	333	1	1493064384
4	334	1	1248985419
4	334	1	1258774238
4	334	1	1273724032
4	334	1	1279728185
58	334	1	1307743043
58	334	1	1315006204
21	334	1	1330587732
29	334	1	1336077091
5	334	1	1340350210
5	334	1	1347067328
5	334	1	1350704183
21	334	1	1412267732
5	334	1	1435245191
6	334	1	1485765430
21	334	1	1493064401
4	335	1	1249471597
4	335	1	1258773496
4	335	1	1272816162
4	335	1	1276696807
4	335	1	1276996932
4	335	1	1279165217
4	335	1	1286187288
20	335	1	1301287475
30	335	1	1322571969
20	335	1	1324380441
5	335	1	1346914091
5	335	1	1350592288
21	335	1	1384011484
20	335	1	1386982994
20	335	1	1390683710
21	335	1	1409590160
21	335	1	1430486971
7	335	1	1476120869
6	335	1	1487261417
21	335	1	1493064386
4	336	1	1249925009
20	336	1	1292639192
39	336	1	1322928673
20	336	1	1329002089
5	336	1	1340279517
5	336	1	1346372728
5	336	1	1347851536
5	336	1	1350608963
5	336	1	1373225421
5	336	1	1376542460
21	336	1	1411018452
21	336	1	1493064354
4	337	1	1250021896
4	337	1	1273540629
4	337	1	1274798422
20	337	1	1301287538
20	337	1	1307084101
20	337	1	1324380565
5	337	1	1340238988
5	337	1	1346914312
5	337	1	1350592498
5	337	1	1359191483
20	337	1	1390699463
21	337	1	1411871236
21	337	1	1493064385
91	338	1	1250028228
4	338	1	1250041813
4	338	1	1250886828
4	338	1	1256412556
4	338	1	1256414154
4	338	1	1259252261
4	338	1	1261023850
4	338	1	1261071332
4	338	1	1261339079
4	338	1	1262310131
4	338	1	1263561095
4	338	1	1263823659
4	338	1	1263826534
4	338	1	1263837578
4	338	1	1265219583
4	338	1	1267754117
4	338	1	1268174977
4	338	1	1270231056
4	338	1	1276552656
4	338	1	1277246806
4	338	1	1277701502
4	338	1	1278755019
4	338	1	1280667664
4	338	1	1281679942
4	338	1	1285071112
20	338	1	1292634897
20	338	1	1296199682
30	338	1	1303087476
27	338	1	1318966488
30	338	1	1322679147
20	338	1	1324693675
27	338	1	1330623017
29	338	1	1332690247
5	338	1	1342564388
5	338	1	1359259036
21	338	1	1361564879
5	338	1	1361833857
5	338	1	1363412624
21	338	1	1410165206
5	338	1	1421155640
21	338	1	1429854915
21	338	1	1432280343
5	338	1	1434106352
6	338	1	1479802124
21	338	1	1493064394
4	339	1	1250708981
4	339	1	1258675850
4	339	1	1272247738
4	339	1	1280153990
4	339	1	1282680677
4	339	1	1284060900
20	339	1	1293818313
21	339	1	1306750817
27	339	1	1319405142
30	339	1	1322615114
27	339	1	1336352299
5	339	1	1346406436
5	339	1	1347297377
5	339	1	1350542349
5	339	1	1359217621
21	339	1	1381083293
20	339	1	1386712457
21	339	1	1410264190
21	339	1	1416516737
21	339	1	1418763245
5	339	1	1442167861
21	339	1	1465162347
6	339	1	1468530145
21	339	1	1472458901
21	339	1	1493064400
35	341	1	1251840781
35	349	1	1252737838
35	350	1	1252746521
35	351	1	1252818076
4	352	1	1254884064
4	352	1	1256909759
4	352	1	1277093881
4	352	1	1280886983
4	352	1	1289053991
27	352	1	1319087749
5	352	1	1337902128
5	352	1	1338759622
5	352	1	1350452393
5	352	1	1367405105
5	352	1	1373426477
20	352	1	1390345545
21	352	1	1410733371
21	352	1	1427488509
21	352	1	1462952795
6	352	1	1468529695
6	352	1	1469072728
21	352	1	1493064373
4	353	1	1254884435
4	353	1	1268746031
4	353	1	1269194659
4	353	1	1278630508
4	353	1	1284820135
20	353	1	1292639111
20	353	1	1304093776
27	353	1	1319082915
39	353	1	1323010468
30	353	1	1326394760
27	353	1	1330084276
21	353	1	1346918427
20	353	1	1386599646
21	353	1	1409124680
21	353	1	1430124677
21	353	1	1431695005
21	353	1	1445803055
21	353	1	1464213134
6	353	1	1469030527
6	353	1	1479445672
6	353	1	1486835365
21	353	1	1493064372
92	354	1	1256705261
93	355	1	1259166992
94	356	1	1259869281
4	357	1	1261374175
82	357	1	1266663707
82	357	1	1268134272
4	357	1	1273483807
4	357	1	1274749902
20	357	1	1296711460
20	357	1	1328908893
20	357	1	1388216633
5	357	1	1434983186
6	357	1	1468530444
7	357	1	1475004430
6	357	1	1488707041
21	357	1	1493064451
4	358	1	1261374344
4	358	1	1274736222
4	358	1	1277371676
4	358	1	1280846031
20	358	1	1301158030
20	358	1	1304116866
21	358	1	1306409717
20	358	1	1310852155
27	358	1	1318984936
30	358	1	1322784385
5	358	1	1343233196
5	358	1	1346407357
5	358	1	1350630462
21	358	1	1361482386
20	358	1	1386704827
21	358	1	1407740483
21	358	1	1411962554
21	358	1	1443030408
5	358	1	1445963585
6	358	1	1480955167
21	358	1	1493064392
4	359	1	1261374617
4	359	1	1261398392
4	359	1	1267766262
4	359	1	1274648959
4	359	1	1274742925
4	359	1	1276540016
4	359	1	1276672343
4	359	1	1277252702
4	359	1	1277462585
4	359	1	1277933192
4	359	1	1281423413
4	359	1	1281679325
4	359	1	1283055478
20	359	1	1292618801
21	359	1	1305796268
30	359	1	1310508155
21	359	1	1317986103
30	359	1	1322751223
29	359	1	1331417794
29	359	1	1332541982
5	359	1	1341729678
5	359	1	1346037764
81	359	1	1346967272
5	359	1	1348670403
27	359	1	1353998412
20	359	1	1386514801
21	359	1	1408775715
21	359	1	1410638172
5	359	1	1438484998
5	359	1	1439740676
5	359	1	1440657483
21	359	1	1441998940
6	359	1	1484729509
21	359	1	1493064361
95	360	1	1261795601
95	361	1	1261795630
4	362	1	1263392993
4	362	1	1268579691
4	362	1	1274648682
4	362	1	1274751467
4	362	1	1276904459
4	362	1	1286196669
20	362	1	1296230323
20	362	1	1304149622
27	362	1	1319188273
30	362	1	1322756605
21	362	1	1328181624
20	362	1	1333326954
5	362	1	1339407726
5	362	1	1346995880
5	362	1	1364729975
21	362	1	1382382377
21	362	1	1410173971
21	362	1	1410778086
21	362	1	1421877925
5	362	1	1441533831
6	362	1	1483937228
21	362	1	1493064395
96	363	1	1264068769
96	363	1	1264068820
35	364	1	1264238408
35	365	1	1264292932
65	366	1	1264343943
35	367	1	1264390374
82	368	1	1264441459
4	368	1	1264490187
82	368	1	1264770881
4	368	1	1267638056
4	368	1	1267693278
4	368	1	1274648585
4	368	1	1274741237
4	368	1	1277365006
20	368	1	1292639307
20	368	1	1304112192
21	368	1	1314783854
27	368	1	1322078832
30	368	1	1322622585
29	368	1	1330659583
27	368	1	1332042125
21	368	1	1340345633
5	368	1	1342673124
5	368	1	1345953460
5	368	1	1350665793
5	368	1	1353924572
21	368	1	1383134120
21	368	1	1406818611
31	368	1	1419924804
5	368	1	1438102100
21	368	1	1438971013
5	368	1	1439734105
5	368	1	1440198894
21	368	1	1441584964
5	368	1	1467902421
7	368	1	1481725320
21	368	1	1493064348
35	369	1	1264468471
35	370	1	1264474209
35	371	1	1264553048
35	372	1	1264722261
35	373	1	1264733189
35	374	1	1264919955
35	375	1	1264922463
35	376	1	1264924103
82	377	1	1266663525
4	377	1	1266683611
4	377	1	1277561262
4	377	1	1278833593
4	377	1	1280373635
4	377	1	1281532567
20	377	1	1296758297
30	377	1	1303804812
30	377	1	1309938216
27	377	1	1320597311
30	377	1	1321976015
30	377	1	1322737783
5	377	1	1343263085
21	377	1	1345477295
5	377	1	1354496359
21	377	1	1358540387
5	377	1	1367179816
5	377	1	1368012896
5	377	1	1375796502
20	377	1	1387052344
21	377	1	1406834347
21	377	1	1410386480
5	377	1	1433685989
5	377	1	1436805782
21	377	1	1441595865
5	377	1	1452111714
5	377	1	1462354185
21	377	1	1466569192
21	377	1	1472024190
6	377	1	1490375511
21	377	1	1493064349
82	378	1	1266663979
82	379	1	1266664129
82	380	1	1266664490
21	380	1	1340883389
21	380	1	1493064477
35	381	1	1266707300
35	381	1	1379474319
35	382	1	1266718306
82	383	1	1268134139
4	383	1	1268199760
4	383	1	1269217343
4	383	1	1270929368
4	383	1	1274648294
4	383	1	1274745302
4	383	1	1276676561
4	383	1	1277256976
4	383	1	1277932797
4	383	1	1278603714
4	383	1	1280922784
4	383	1	1281678851
20	383	1	1292619085
20	383	1	1304220512
30	383	1	1309596077
20	383	1	1318151464
27	383	1	1322010168
30	383	1	1322747943
27	383	1	1331908642
27	383	1	1333998589
81	383	1	1346414298
21	383	1	1350898143
58	383	1	1367142666
21	383	1	1382602838
31	383	1	1404625062
21	383	1	1410638390
5	383	1	1439727501
5	383	1	1440173263
21	383	1	1493064343
97	384	1	1268601038
98	385	1	1269501269
45	385	1	1309682099
45	385	1	1319676020
45	385	1	1324472098
45	385	1	1326585879
45	385	1	1329058576
45	385	1	1338598340
45	385	1	1338919918
45	385	1	1339835248
45	385	1	1342727977
45	385	1	1346896367
45	385	1	1347282842
45	385	1	1350355757
45	385	1	1350492851
45	385	1	1351956696
45	385	1	1351958167
45	385	1	1357678055
45	385	1	1358608267
45	385	1	1359577064
99	386	1	1269914153
100	387	1	1269952340
101	388	1	1270213807
101	388	1	1379158254
101	389	1	1270403060
101	389	1	1379158258
101	390	1	1270560943
101	390	1	1379158261
35	391	1	1271127767
102	392	1	1272572051
82	393	1	1273326432
4	393	1	1273401347
4	393	1	1274747869
20	393	1	1292722219
30	393	1	1304554489
27	393	1	1319198377
30	393	1	1322703650
27	393	1	1324354029
20	393	1	1326966785
20	393	1	1327063682
29	393	1	1333527493
5	393	1	1343108607
81	393	1	1345986843
81	393	1	1356494704
103	393	1	1370938914
5	393	1	1370981005
21	393	1	1380701810
20	393	1	1386708809
21	393	1	1393676274
21	393	1	1408208205
31	393	1	1429722368
5	393	1	1441553635
21	393	1	1459631826
21	393	1	1465069293
21	393	1	1493064396
104	394	1	1274183347
86	395	1	1274366131
86	395	1	1316860634
86	396	1	1274366237
82	397	1	1275135066
4	397	1	1275189039
4	397	1	1276043483
4	397	1	1276557858
4	397	1	1277244059
4	397	1	1277939969
4	397	1	1280377838
4	397	1	1283605557
20	397	1	1296355808
28	397	1	1296465697
21	397	1	1314879796
29	397	1	1320156217
30	397	1	1322731976
27	397	1	1329399721
27	397	1	1330514477
29	397	1	1333006732
5	397	1	1345955609
5	397	1	1350844466
5	397	1	1356606736
21	397	1	1359739375
5	397	1	1375759795
5	397	1	1377139027
21	397	1	1383210014
21	397	1	1406835158
21	397	1	1424723094
5	397	1	1438130884
5	397	1	1439733172
5	397	1	1440210983
6	397	1	1484446041
5	397	1	1486959976
7	397	1	1489200754
21	397	1	1493064349
82	398	1	1275919867
4	398	1	1275938913
4	398	1	1276559887
4	398	1	1284026971
27	398	1	1319208165
27	398	1	1320336660
20	398	1	1320755883
30	398	1	1322709452
20	398	1	1325505805
27	398	1	1329494385
21	398	1	1334316587
27	398	1	1336259220
5	398	1	1340150382
5	398	1	1346012119
5	398	1	1350654699
5	398	1	1356063493
20	398	1	1386632434
31	398	1	1392210179
21	398	1	1393518980
21	398	1	1422137742
21	398	1	1428345632
5	398	1	1467648163
7	398	1	1491612894
21	398	1	1493064398
82	399	1	1275919941
4	399	1	1275938377
27	399	1	1319223615
27	399	1	1324365701
5	399	1	1336781271
5	399	1	1341569475
5	399	1	1342282866
81	399	1	1346140609
5	399	1	1350715357
20	399	1	1386726378
21	399	1	1419234572
21	399	1	1465367595
21	399	1	1493064404
105	400	1	1276236999
82	401	1	1276509239
4	401	1	1276554101
4	401	1	1277618817
4	401	1	1280986935
4	401	1	1284542413
21	401	1	1308053369
27	401	1	1322979314
29	401	1	1334049953
29	401	1	1334768687
21	401	1	1338669725
81	401	1	1346198111
5	401	1	1376348910
21	401	1	1382127742
20	401	1	1386768193
21	401	1	1410813724
21	401	1	1419234729
21	401	1	1465390492
21	401	1	1470951324
5	401	1	1489621563
21	401	1	1493064479
35	402	1	1276993088
35	403	1	1277066934
82	404	1	1277111760
4	404	1	1277205399
4	404	1	1280890984
4	404	1	1283787946
20	404	1	1307080055
27	404	1	1319083235
27	404	1	1330084623
5	404	1	1345599777
5	404	1	1373413315
31	404	1	1408876013
31	404	1	1429720669
5	404	1	1446839460
6	404	1	1469030205
6	404	1	1485118167
6	404	1	1486834718
7	404	1	1490410712
21	404	1	1493064372
82	405	1	1277111890
4	405	1	1277194214
4	405	1	1278980777
27	405	1	1319540268
30	405	1	1322811186
30	405	1	1326676281
21	405	1	1340140480
5	405	1	1342293339
106	405	1	1354588395
21	405	1	1410289824
21	405	1	1465377915
6	405	1	1487711593
21	405	1	1493064478
35	406	1	1277159677
35	407	1	1277168669
35	408	1	1277179603
35	409	1	1277181070
35	410	1	1277248063
35	411	1	1277579678
35	411	1	1289088149
107	411	1	1308758847
107	411	1	1309106088
107	411	1	1322674472
107	411	1	1356642253
107	411	1	1356693049
35	413	1	1280796529
35	414	1	1280800495
108	415	1	1280960709
108	415	1	1281006584
108	416	1	1281097655
35	417	1	1281149921
35	418	1	1281154004
35	419	1	1281155586
35	420	1	1281158979
108	421	1	1281183302
35	421	1	1289146052
107	421	1	1308798701
107	421	1	1309109851
107	421	1	1356642237
35	422	1	1281233367
35	423	1	1281235123
108	424	1	1281258945
109	425	1	1281989955
109	426	1	1281989966
110	427	1	1282089442
111	427	1	1422986834
110	428	1	1282089453
111	428	1	1422986835
35	429	1	1283021357
35	430	1	1283393960
112	431	1	1283394186
112	431	1	1284617275
59	431	1	1408317646
112	432	1	1283412872
113	433	1	1285020073
112	434	1	1285795004
35	435	1	1287260323
82	436	1	1287684317
4	436	1	1287689030
27	436	1	1321795603
5	436	1	1436675317
6	436	1	1468527519
6	436	1	1472162194
7	436	1	1473467632
7	436	1	1492057245
21	436	1	1493064333
82	437	1	1287684616
82	437	1	1287684627
4	437	1	1287688996
7	437	1	1469936098
21	437	1	1493064476
112	438	1	1287790876
35	439	1	1289158968
35	440	1	1289173658
112	441	1	1289955711
112	441	1	1291480102
112	441	1	1295308949
114	441	1	1326478869
115	441	1	1337665332
115	441	1	1342549245
115	441	1	1349131813
115	441	1	1360201107
116	442	1	1290240856
117	443	1	1328521857
118	444	1	1290879934
118	444	1	1290881186
118	444	1	1291150846
118	444	1	1296209821
118	444	1	1296212911
118	444	1	1296488984
58	444	1	1301002062
20	445	1	1292596938
20	445	1	1293723420
82	446	1	1292801205
21	446	1	1308053116
27	446	1	1319450643
39	446	1	1323010657
5	446	1	1370000700
20	446	1	1386705049
5	446	1	1435095440
6	446	1	1468530095
21	446	1	1493064404
82	447	1	1292801231
20	447	1	1305108504
6	447	1	1468530131
21	447	1	1493064402
82	448	1	1292801565
21	448	1	1340883390
5	448	1	1435393523
21	448	1	1493064477
72	449	1	1293709727
35	449	1	1298334241
51	449	1	1361024881
109	450	1	1293736821
119	451	1	1294089062
119	451	1	1294093415
30	452	1	1296205417
107	452	1	1321985095
107	452	1	1321989263
35	453	1	1296443257
35	453	1	1333238731
120	453	1	1390289281
35	454	1	1296617839
121	455	1	1296650308
35	457	1	1296784684
95	458	1	1297527336
10	459	1	1297614803
122	460	1	1298101406
122	460	1	1331639734
122	460	1	1401152459
122	460	1	1423114342
35	461	1	1298334335
51	461	1	1361024886
35	462	1	1298436224
123	463	1	1298441288
35	464	1	1301870486
112	465	1	1302757676
35	466	1	1302978688
109	466	1	1331471723
35	467	1	1302983104
35	468	1	1302994958
35	469	1	1303351739
35	470	1	1305157619
35	470	1	1333912512
124	471	1	1306229887
124	471	1	1314530506
112	472	1	1306449368
112	473	1	1306521548
125	474	1	1307396508
126	474	1	1332351469
107	475	1	1308808807
107	475	1	1308812674
107	476	1	1308812466
127	477	1	1309522653
127	478	1	1309530361
107	479	1	1309539541
107	480	1	1309541700
35	481	1	1309571048
35	482	1	1309579652
35	483	1	1309583673
35	484	1	1309623686
35	485	1	1309632626
128	486	1	1313251745
128	487	1	1313251990
129	488	1	1313485922
130	489	1	1313799346
35	490	1	1314242603
35	490	1	1422213231
131	491	1	1314251701
132	492	1	1315059417
35	493	1	1315764014
35	494	1	1315768474
35	495	1	1315772977
126	496	1	1318458084
133	497	1	1318950865
133	497	1	1318952139
133	498	1	1318952073
133	499	1	1318952677
35	500	1	1318983349
112	501	1	1319842259
112	501	1	1429211995
134	502	1	1319978063
135	502	1	1497567972
136	503	1	1320400629
35	503	1	1346639981
137	504	1	1320846089
137	505	1	1320846170
138	506	1	1321040066
138	507	1	1321204612
138	508	1	1321204613
138	508	1	1321204963
35	509	1	1321748034
35	510	1	1321763647
35	511	1	1321848981
35	512	1	1321920001
35	513	1	1321923644
35	513	1	1322093642
35	514	1	1321927832
35	514	1	1322095311
107	515	1	1321986499
107	516	1	1321992341
21	516	1	1345408157
107	517	1	1322030041
35	518	1	1322097340
35	519	1	1322098557
35	520	1	1322099812
139	521	1	1322262695
35	522	1	1323016582
35	523	1	1323046997
35	524	1	1323050642
35	525	1	1323133808
126	526	1	1325893707
126	526	1	1325964920
112	527	1	1326329664
58	528	1	1327438916
58	528	1	1327440059
58	528	1	1327508721
58	528	1	1328963534
58	528	1	1334077063
58	528	1	1368064037
58	528	1	1368956194
58	529	1	1327438926
58	529	1	1327440002
58	529	1	1327506574
58	529	1	1328958081
58	529	1	1334074342
58	529	1	1368062242
58	529	1	1368913975
126	530	1	1328127548
35	531	1	1329081303
109	532	1	1329311871
109	532	1	1329316792
126	533	1	1329743404
126	534	1	1329749394
20	534	1	1329751039
114	534	1	1329752742
126	534	1	1329757380
107	535	1	1329830298
107	536	1	1329834624
107	536	1	1356633974
97	537	1	1330559442
109	538	1	1330621327
109	539	1	1330702662
20	540	1	1331548589
5	540	1	1342117584
5	540	1	1347494183
5	540	1	1359289820
5	540	1	1370573452
21	540	1	1409694439
21	540	1	1493064392
27	541	1	1331006671
5	541	1	1441556602
7	541	1	1469935649
21	541	1	1493064397
5	542	1	1335714391
5	542	1	1340288965
5	542	1	1350618753
5	542	1	1435697057
5	542	1	1464431162
21	542	1	1493064355
35	543	1	1332040567
35	544	1	1333244645
35	545	1	1333420016
35	546	1	1333500856
35	546	1	1333583003
35	547	1	1333587941
35	548	1	1333905857
35	549	1	1333907915
126	550	1	1334110859
35	551	1	1334510517
35	552	1	1336324102
35	553	1	1336328002
126	554	1	1338317718
140	555	1	1338438005
140	555	1	1338440979
140	555	1	1342490598
35	556	1	1338650369
35	557	1	1338656543
35	558	1	1338661212
51	559	1	1338890784
51	559	1	1338918069
51	560	1	1338890785
51	561	1	1338934864
51	561	1	1338936952
51	562	1	1338934865
35	563	1	1339380195
141	564	1	1339421057
35	566	1	1339993692
25	567	1	1340566927
21	567	1	1340608212
21	568	1	1340603010
126	569	1	1340664557
25	570	1	1340708442
21	570	1	1340709008
21	570	1	1416954559
35	571	1	1341259993
35	571	1	1344110950
35	571	1	1379299834
142	573	1	1344080322
35	574	1	1344112431
35	575	1	1344219988
35	576	1	1344380673
10	577	1	1345550694
10	578	1	1345550980
10	578	1	1345550999
5	578	1	1345591930
5	578	1	1367311831
5	578	1	1376440313
21	578	1	1409290998
5	578	1	1420440227
5	578	1	1434019020
5	578	1	1441096639
31	578	1	1443990955
21	578	1	1458613601
5	578	1	1465757842
6	578	1	1488987441
21	578	1	1493064378
10	579	1	1345551173
10	580	1	1345550223
5	580	1	1345700682
21	580	1	1360089419
5	580	1	1371319371
5	580	1	1374769731
5	580	1	1374859688
21	580	1	1411116586
5	580	1	1421461846
21	580	1	1426631172
5	580	1	1438297934
5	580	1	1440629921
21	580	1	1453802117
21	580	1	1463644302
21	580	1	1493064359
10	581	1	1345549815
10	581	1	1345550156
5	581	1	1345722398
5	581	1	1351203388
20	581	1	1388189899
5	581	1	1438543699
5	581	1	1444972102
7	581	1	1489203459
21	581	1	1493064362
10	582	1	1345550038
10	582	1	1345550084
5	582	1	1345573178
5	582	1	1347179387
5	582	1	1359067717
5	582	1	1376134735
20	582	1	1386860878
21	582	1	1409182646
5	582	1	1420280956
21	582	1	1439308512
31	582	1	1440377811
21	582	1	1458510066
21	582	1	1464253482
21	582	1	1474756463
21	582	1	1493064374
10	583	1	1345552004
5	583	1	1345756306
5	583	1	1347994182
5	583	1	1371587433
5	583	1	1377197240
21	583	1	1385323974
21	583	1	1412900156
21	583	1	1463594248
6	583	1	1488049888
21	583	1	1493064358
10	584	1	1345552004
10	585	1	1345552407
10	586	1	1345553722
10	586	1	1345553757
10	586	1	1345553958
10	586	1	1345553977
5	586	1	1345781318
20	586	1	1388516306
21	586	1	1408651174
6	586	1	1481700068
7	586	1	1481985469
21	586	1	1493064359
10	588	1	1345553834
10	589	1	1345553910
5	591	1	1345641836
21	591	1	1383994712
20	591	1	1390695970
31	591	1	1409198517
21	591	1	1413582285
5	591	1	1421970322
5	591	1	1437169999
5	591	1	1445847732
6	591	1	1487247107
21	591	1	1493064385
10	593	1	1345638550
5	593	1	1345743939
5	593	1	1372079309
5	593	1	1373404720
5	593	1	1376768341
20	593	1	1387232305
21	593	1	1408129001
5	593	1	1419346220
31	593	1	1439589076
5	593	1	1452218573
21	593	1	1493064356
10	594	1	1345638682
5	594	1	1346554786
5	594	1	1373437790
5	594	1	1376269662
21	594	1	1387725782
21	594	1	1409248081
21	594	1	1493064377
10	595	1	1345638894
5	595	1	1346543766
21	595	1	1370109878
5	595	1	1373421125
5	595	1	1376181759
21	595	1	1409207339
21	595	1	1458159009
21	595	1	1464278060
21	595	1	1472146262
6	595	1	1488359588
21	595	1	1493064375
10	596	1	1345640898
5	596	1	1346073097
5	596	1	1376735377
21	596	1	1408806199
21	596	1	1493064362
10	597	1	1345641101
5	597	1	1345657655
5	597	1	1347355751
21	597	1	1359888456
5	597	1	1361842337
5	597	1	1373338416
21	597	1	1374171989
20	597	1	1388287834
21	597	1	1407866898
21	597	1	1410392516
5	597	1	1419239620
21	597	1	1425729323
5	597	1	1437919335
5	597	1	1440491981
21	597	1	1447405178
21	597	1	1463519034
6	597	1	1479144195
21	597	1	1493064352
10	598	1	1345641143
5	598	1	1345647196
5	598	1	1357502861
5	598	1	1369421219
5	598	1	1373887543
5	598	1	1376154142
21	598	1	1383811427
20	598	1	1386601048
31	598	1	1396196548
21	598	1	1407774317
21	598	1	1410982939
5	598	1	1419184811
21	598	1	1425160975
5	598	1	1440467373
21	598	1	1463498512
21	598	1	1477427807
6	598	1	1481407592
21	598	1	1493064351
10	599	1	1345641186
5	599	1	1345692191
5	599	1	1350537565
27	599	1	1360361884
21	599	1	1384197637
21	599	1	1409504865
5	599	1	1420697930
21	599	1	1427539263
5	599	1	1437575691
21	599	1	1464735307
6	599	1	1479599414
6	599	1	1488468157
21	599	1	1493064382
10	600	1	1345641220
5	600	1	1345770275
5	600	1	1358664097
5	600	1	1364062970
5	600	1	1376528462
20	600	1	1386781571
21	600	1	1408918010
21	600	1	1411252009
21	600	1	1414187516
5	600	1	1419977378
21	600	1	1427487949
5	600	1	1438026494
5	600	1	1439045874
5	600	1	1439744565
21	600	1	1458295596
5	600	1	1464660971
7	600	1	1477210767
6	600	1	1482602073
21	600	1	1493064365
10	601	1	1345720261
5	601	1	1346073774
5	601	1	1347735077
5	601	1	1362653283
5	601	1	1376615001
21	601	1	1384359026
21	601	1	1408930026
6	601	1	1479380508
21	601	1	1493064366
10	602	1	1345720110
5	604	1	1347193060
5	604	1	1371209338
31	604	1	1442699791
7	604	1	1476362707
7	604	1	1481077849
21	604	1	1493064366
10	605	1	1345719725
5	605	1	1345740599
5	605	1	1358155954
5	605	1	1371966951
5	605	1	1376106498
31	605	1	1406387279
21	605	1	1413145905
5	605	1	1452370744
6	605	1	1486535895
6	605	1	1488150492
21	605	1	1493064363
10	606	1	1345719878
6	606	1	1468530050
21	606	1	1493064420
10	607	1	1345719992
10	608	1	1345720110
10	609	1	1345720310
143	610	1	1345766205
5	611	1	1347468627
39	611	1	1351175747
5	611	1	1435484492
5	611	1	1446752631
6	611	1	1479353712
6	611	1	1484899167
21	611	1	1493064364
144	612	1	1346362057
144	613	1	1346433464
29	613	1	1347174125
29	614	1	1346447675
35	615	1	1346628507
35	616	1	1346633755
35	617	1	1346638010
145	618	1	1348928872
68	619	1	1350156444
109	620	1	1351191114
109	621	1	1351239864
109	622	1	1351244356
109	623	1	1351244365
45	624	1	1351956692
45	624	1	1351958164
45	625	1	1354612827
45	626	1	1354743444
35	627	1	1355088765
35	628	1	1355092530
35	629	1	1355113594
146	630	1	1355252308
147	631	1	1355725324
43	631	1	1491309531
22	633	1	1356694962
22	634	1	1356695050
22	635	1	1356696014
22	636	1	1356696185
49	636	1	1379418234
22	637	1	1356696309
22	638	1	1356696481
22	638	1	1362484006
22	639	1	1356697107
22	640	1	1356697278
20	640	1	1388216595
7	640	1	1469936106
7	640	1	1488814228
21	640	1	1493064469
22	641	1	1356782925
22	643	1	1357032688
22	644	1	1357114396
22	645	1	1357114590
22	646	1	1357208358
22	647	1	1357209042
22	649	1	1357292805
22	650	1	1357292895
22	651	1	1357477027
22	652	1	1357477355
22	653	1	1357477540
22	654	1	1357545871
22	654	1	1357546337
22	654	1	1357983488
22	654	1	1361351294
21	654	1	1448449305
22	655	1	1357545940
22	655	1	1357984833
22	655	1	1357985423
22	655	1	1357985759
22	655	1	1357986152
22	655	1	1358763473
22	655	1	1361353748
22	656	1	1357546582
22	657	1	1357547021
22	658	1	1357547089
22	658	1	1357641804
22	658	1	1357986727
22	659	1	1357547110
22	660	1	1357547194
22	661	1	1357547279
22	662	1	1357547294
22	663	1	1357547900
22	664	1	1357548349
22	665	1	1357548419
22	666	1	1357548488
22	667	1	1357548617
22	668	1	1357548703
22	669	1	1357548860
22	670	1	1357548927
22	671	1	1357548967
22	672	1	1357549002
22	673	1	1357549179
22	674	1	1357549213
22	675	1	1357549252
22	676	1	1357549394
22	677	1	1357549446
22	677	1	1361354068
22	678	1	1357549505
22	678	1	1359543130
22	678	1	1361354369
22	678	1	1361783478
22	678	1	1361783507
22	678	1	1361783557
22	679	1	1357549552
22	680	1	1357549629
22	680	1	1357986493
22	680	1	1357986674
22	680	1	1357986682
22	680	1	1358764354
22	680	1	1358764497
22	681	1	1357549926
22	681	1	1357555299
22	681	1	1357555318
22	681	1	1357636508
22	681	1	1357638187
22	681	1	1357639031
22	681	1	1357640796
22	681	1	1357649573
22	681	1	1357649966
22	681	1	1357650626
22	681	1	1357722580
22	681	1	1357724453
22	681	1	1357725340
22	681	1	1357726644
22	681	1	1357726694
22	681	1	1357808602
22	681	1	1357810559
22	681	1	1357813053
22	681	1	1357813215
22	681	1	1357813845
22	681	1	1357814130
22	682	1	1357641559
22	683	1	1357641609
22	683	1	1357644331
22	684	1	1357641667
22	685	1	1357641752
22	685	1	1357644575
22	685	1	1365096581
22	686	1	1357644426
22	687	1	1357644890
22	688	1	1357644909
22	689	1	1357647438
22	690	1	1357726542
22	691	1	1357813657
22	691	1	1357813713
22	691	1	1357813781
22	692	1	1357981813
22	693	1	1357983393
22	694	1	1357985891
22	694	1	1357986126
22	694	1	1359542329
22	695	1	1357986303
22	695	1	1359540953
22	695	1	1359541311
22	696	1	1357986385
22	696	1	1359540879
22	697	1	1358152473
22	698	1	1358503333
22	699	1	1358763696
22	700	1	1358764118
21	700	1	1424698502
21	700	1	1426670184
42	700	1	1498738298
22	701	1	1358764233
22	702	1	1359542390
21	702	1	1424698501
21	702	1	1426670181
42	702	1	1498738308
126	703	1	1359579196
126	704	1	1359579335
126	705	1	1359904055
126	706	1	1359907069
146	707	1	1359909882
35	708	1	1360031735
148	708	1	1417132188
148	708	1	1487247402
35	709	1	1360035999
22	710	1	1360401855
21	710	1	1421528228
21	710	1	1424336304
21	710	1	1425039661
21	710	1	1426495729
21	710	1	1426673421
21	710	1	1427793487
21	710	1	1430122136
21	710	1	1439281263
21	710	1	1446105779
42	710	1	1498738318
22	711	1	1360401866
21	711	1	1421527948
21	711	1	1424720102
21	711	1	1426501740
21	711	1	1426673602
21	711	1	1427793088
21	711	1	1429035519
21	711	1	1432569263
21	711	1	1441786349
21	711	1	1446105777
21	711	1	1466600782
42	711	1	1498738328
9	712	1	1103620988
9	712	1	1119697250
22	712	1	1360578006
22	712	1	1360578664
22	712	1	1362056817
22	712	1	1362661546
22	712	1	1364994643
22	712	1	1364994829
22	712	1	1366796618
22	713	1	1360665976
22	714	1	1360824950
22	714	1	1360825856
22	714	1	1360923293
22	714	1	1361351025
22	714	1	1365832857
22	714	1	1365832918
22	714	1	1365833019
35	715	1	1361150883
35	716	1	1361156296
22	717	1	1361351593
21	717	1	1426501260
25	717	1	1426501487
21	717	1	1426507909
21	717	1	1432569105
21	717	1	1446105455
21	717	1	1448876706
21	717	1	1466600123
42	717	1	1498738168
22	718	1	1361351938
22	719	1	1361351984
21	719	1	1421527482
21	719	1	1426495556
21	719	1	1429033155
21	719	1	1432569249
21	719	1	1440581410
21	719	1	1446104903
21	719	1	1466599958
42	719	1	1498738408
22	720	1	1361351995
39	720	1	1364729527
21	720	1	1421527562
21	720	1	1424720079
21	720	1	1426495672
21	720	1	1432569261
21	720	1	1442178073
21	720	1	1446104904
21	720	1	1470917615
42	720	1	1498738348
22	721	1	1361352204
22	722	1	1361352394
21	722	1	1421529152
21	722	1	1426495621
21	722	1	1432057330
21	722	1	1442230839
21	722	1	1446104903
21	722	1	1466599972
21	722	1	1470917502
42	722	1	1498738358
22	723	1	1361352527
22	724	1	1361352562
21	724	1	1424335969
21	724	1	1426495659
21	724	1	1429540884
21	724	1	1432569259
21	724	1	1441788275
21	724	1	1446105685
21	724	1	1466600675
21	724	1	1471934365
42	724	1	1498738368
22	725	1	1361352867
22	725	1	1361352903
22	725	1	1361352956
22	726	1	1361354096
21	726	1	1424698939
21	726	1	1426495695
21	726	1	1429642548
21	726	1	1446104917
42	726	1	1498738208
22	727	1	1361354113
21	727	1	1424698630
21	727	1	1426501696
21	727	1	1429642534
21	727	1	1441785616
21	727	1	1466599897
42	727	1	1498738218
22	728	1	1361354389
21	728	1	1424700883
21	728	1	1426495616
21	728	1	1432057274
21	728	1	1446104430
21	728	1	1466599815
42	728	1	1498738378
22	729	1	1361354455
22	730	1	1361354886
22	731	1	1361354914
21	731	1	1424699878
21	731	1	1425292037
21	731	1	1426495560
21	731	1	1432569251
21	731	1	1446104429
21	731	1	1466599807
42	731	1	1498738388
22	732	1	1361614193
22	732	1	1361614216
22	733	1	1361614230
21	733	1	1426502390
21	733	1	1446106025
42	733	1	1498738398
22	734	1	1361783296
22	735	1	1361783425
6	735	1	1468530424
7	735	1	1479251654
6	735	1	1485778854
21	735	1	1493064454
22	736	1	1361783755
22	737	1	1361787208
22	738	1	1361787253
21	738	1	1421528273
21	738	1	1424699889
21	738	1	1426495514
21	738	1	1429642409
21	738	1	1432569070
21	738	1	1435216601
21	738	1	1443527483
21	738	1	1446105269
42	738	1	1498738288
22	739	1	1361787265
21	739	1	1421528522
21	739	1	1426495690
21	739	1	1428920830
21	739	1	1432569269
21	739	1	1442492264
42	739	1	1498738228
22	740	1	1361787364
22	741	1	1361787680
21	741	1	1421528382
21	741	1	1426495684
21	741	1	1429543970
21	741	1	1432569267
21	741	1	1442230421
21	741	1	1446104905
42	741	1	1498738238
22	742	1	1361787753
22	743	1	1361787838
21	743	1	1421528325
21	743	1	1426495518
21	743	1	1426673097
21	743	1	1428917980
21	743	1	1432569049
21	743	1	1434604773
21	743	1	1442230514
21	743	1	1466600076
42	743	1	1498738248
22	744	1	1361787891
22	745	1	1361788220
22	745	1	1361788334
21	745	1	1421528566
21	745	1	1426495677
21	745	1	1429642395
21	745	1	1432569265
21	745	1	1441786047
21	745	1	1446104431
21	745	1	1466599830
42	745	1	1498738258
22	746	1	1361788271
22	746	1	1364208831
22	747	1	1361788381
22	748	1	1361788573
21	748	1	1421528289
21	748	1	1425046353
21	748	1	1432568919
21	748	1	1446104430
21	748	1	1466599824
42	748	1	1498738268
22	749	1	1361788730
22	749	1	1361788775
22	750	1	1361788802
21	750	1	1421528280
21	750	1	1466601832
42	750	1	1498738278
22	751	1	1361960403
22	751	1	1361961016
22	751	1	1361962614
22	751	1	1362054644
22	751	1	1364659798
22	751	1	1364984372
149	751	1	1445030546
103	751	1	1495495021
22	752	1	1361960567
150	752	1	1455124230
22	753	1	1361961024
22	753	1	1361961602
22	753	1	1364552060
22	753	1	1364983666
22	754	1	1361961334
22	755	1	1361962437
22	755	1	1361963475
22	755	1	1361963663
22	756	1	1361962553
22	757	1	1362049289
22	757	1	1362049320
22	757	1	1364551352
22	757	1	1364551512
22	757	1	1364551819
22	758	1	1362049746
22	758	1	1364552173
22	759	1	1362049891
22	759	1	1362050242
22	760	1	1362052741
22	760	1	1364555676
22	761	1	1362052839
22	762	1	1362054308
151	762	1	1383490579
22	763	1	1362054716
22	764	1	1362054850
22	764	1	1364555930
22	765	1	1362568085
152	766	1	1363796853
152	767	1	1363796866
22	768	1	1363955076
22	769	1	1363955335
22	769	1	1363955558
22	769	1	1363955658
22	770	1	1364034053
22	771	1	1364034053
22	772	1	1364034151
22	773	1	1364034152
126	774	1	1364091011
35	775	1	1364141093
35	776	1	1364143461
35	777	1	1364147408
35	778	1	1364173907
35	779	1	1364175695
153	779	1	1451502446
22	780	1	1364210939
22	781	1	1364279535
22	782	1	1364286059
22	782	1	1364286864
22	782	1	1364289027
22	783	1	1364552367
22	784	1	1365081400
22	785	1	1365081436
22	786	1	1365081452
22	787	1	1365097108
22	787	1	1365157118
22	787	1	1365229729
22	787	1	1365416060
22	787	1	1365416185
22	788	1	1365153077
154	789	1	1365248242
22	790	1	1365423553
22	790	1	1365423914
22	790	1	1365425296
22	790	1	1365425686
22	790	1	1365681948
22	791	1	1365834980
22	791	1	1365835283
22	792	1	1365835042
22	793	1	1365835421
22	794	1	1365835634
155	795	1	1366078257
126	796	1	1367172627
156	797	1	1367353550
153	797	1	1451502431
157	798	1	1369323203
157	798	1	1376235688
35	798	1	1381707469
157	798	1	1384697579
157	798	1	1408419341
35	799	1	1370218607
157	800	1	1370606963
157	800	1	1376312023
157	800	1	1382846651
157	800	1	1382860499
35	801	1	1372734679
35	802	1	1372821721
158	803	1	1373872568
35	803	1	1381683152
159	804	1	1375526146
160	805	1	1375897307
157	806	1	1376237474
157	806	1	1382877696
157	806	1	1382931627
161	807	1	1376680946
162	808	1	1376807723
162	809	1	1376807726
162	810	1	1376807744
161	811	1	1377990584
101	812	1	1379159309
101	813	1	1379159311
35	814	1	1379283621
35	815	1	1379303365
153	815	1	1451502446
35	816	1	1379464830
35	817	1	1379468404
35	818	1	1379561658
35	819	1	1379563188
35	820	1	1379564517
35	821	1	1379898210
35	822	1	1379899762
35	823	1	1380160476
35	824	1	1380164667
35	825	1	1380396769
35	826	1	1380398129
35	827	1	1380401709
163	827	1	1385795413
163	827	1	1388051350
163	827	1	1391246624
35	827	1	1408628184
164	827	1	1411918007
165	827	1	1411919472
35	827	1	1413774760
35	827	1	1438466606
35	828	1	1380408243
163	828	1	1385473261
163	828	1	1386742010
163	828	1	1391654309
163	828	1	1393934402
164	828	1	1411918008
165	828	1	1411919473
35	828	1	1414902672
35	829	1	1381684750
35	830	1	1381724030
111	830	1	1450290245
166	831	1	1382941138
167	832	1	1383337875
167	833	1	1383340045
168	834	1	1384698382
169	835	1	1384748086
170	835	1	1384785244
171	836	1	1384784096
172	837	1	1385383460
173	838	1	1387293168
35	839	1	1390175964
174	839	1	1487198455
35	840	1	1390254949
35	841	1	1390266101
175	842	1	1390299591
176	843	1	1392265518
177	844	1	1392384445
177	845	1	1392391576
35	846	1	1393564510
35	847	1	1393571733
178	848	1	1393651167
170	849	1	1394756643
179	850	1	1395183892
179	850	1	1395426105
179	850	1	1396576898
180	851	1	1396562513
181	852	1	1396596560
182	853	1	1396956856
40	854	1	1397078009
47	854	1	1426632475
12	854	1	1429224306
47	854	1	1429245541
47	855	1	1397123136
183	856	1	1397722007
183	856	1	1397723714
183	856	1	1397723797
6	856	1	1468530564
183	857	1	1397723994
183	857	1	1397724014
47	858	1	1400531914
21	859	1	1408299030
5	859	1	1433829775
21	859	1	1439298066
31	859	1	1440367746
21	859	1	1441745791
21	859	1	1463591136
5	859	1	1484546942
6	859	1	1486334051
21	859	1	1493064357
5	860	1	1436362067
6	860	1	1487706434
7	860	1	1488813978
21	860	1	1493064428
5	861	1	1436362118
7	861	1	1487350608
21	861	1	1493064415
5	862	1	1436362113
21	862	1	1493064416
5	863	1	1436362108
21	863	1	1493064420
21	870	1	1409309115
21	870	1	1411559927
184	870	1	1412547615
5	870	1	1420475285
5	870	1	1435150981
21	870	1	1444154593
6	870	1	1487007883
21	870	1	1493064379
25	877	1	1424693681
21	877	1	1424702372
21	877	1	1426495919
21	877	1	1431712670
21	877	1	1432569304
21	877	1	1433313748
21	877	1	1439814477
21	877	1	1446105895
21	877	1	1450822808
25	877	1	1466596988
21	877	1	1466601269
21	877	1	1468593120
21	877	1	1470646021
21	877	1	1474460083
21	877	1	1478299395
42	877	1	1498738498
21	878	1	1424700526
21	878	1	1432568894
21	878	1	1446104160
21	878	1	1446541661
21	878	1	1466599424
7	878	1	1477354599
42	878	1	1498738578
25	879	1	1424694045
21	879	1	1424702280
21	879	1	1426501995
21	879	1	1427797037
21	879	1	1427907457
21	879	1	1432569308
21	879	1	1446106064
21	879	1	1466601963
7	879	1	1476918820
42	879	1	1498738678
59	881	1	1408317646
35	882	1	1408642251
185	882	1	1461691447
35	883	1	1409110716
35	884	1	1410625891
186	884	1	1447392118
35	885	1	1410711913
35	886	1	1411006340
186	886	1	1447384142
164	887	1	1411918008
51	887	1	1415710491
35	887	1	1420955481
164	888	1	1411918008
51	888	1	1415710505
35	888	1	1420962081
165	889	1	1411919473
165	890	1	1411919473
187	891	1	1413471770
187	891	1	1447330555
187	891	1	1447618364
187	892	1	1413471780
35	893	1	1416717683
111	893	1	1472036285
111	893	1	1472122653
35	894	1	1416724549
111	894	1	1472036286
111	894	1	1472122654
148	895	1	1417132188
148	896	1	1417132189
35	897	1	1417325881
188	898	1	1418653366
35	899	1	1421020274
35	900	1	1421113573
35	901	1	1421117547
35	902	1	1421121485
35	902	1	1423376132
141	902	1	1424432062
40	903	1	1421214682
47	903	1	1426632475
12	903	1	1429224306
47	903	1	1429245540
111	904	1	1422986835
111	905	1	1422986835
35	906	1	1423371652
35	907	1	1423378313
141	907	1	1424432062
35	908	1	1423709414
35	909	1	1423942197
5	910	1	1435093911
6	910	1	1486416684
21	910	1	1493064360
5	911	1	1440996337
7	911	1	1490407339
21	911	1	1493064374
21	912	1	1429378230
6	912	1	1468527620
21	912	1	1472545060
7	912	1	1473044541
7	912	1	1481084348
21	912	1	1493064328
6	913	1	1468530434
21	913	1	1493064452
21	914	1	1427396930
5	914	1	1440046001
21	914	1	1466542518
6	914	1	1468527594
21	914	1	1493064329
21	915	1	1429767068
5	915	1	1440703545
21	915	1	1458215209
6	915	1	1486513861
7	915	1	1490404185
21	915	1	1493064362
5	916	1	1434951698
7	916	1	1469935140
7	916	1	1490412777
21	916	1	1493064363
5	917	1	1436303535
21	917	1	1493064373
21	918	1	1430657979
31	918	1	1440193143
21	918	1	1459594803
5	918	1	1467605713
6	918	1	1471061165
5	918	1	1484654195
6	918	1	1487424202
21	918	1	1493064394
21	919	1	1424202011
21	919	1	1457147532
5	919	1	1486937950
21	919	1	1493064348
21	920	1	1429881453
5	920	1	1438078896
5	920	1	1438435058
5	920	1	1440801869
21	920	1	1458308216
7	920	1	1487834506
21	920	1	1493064367
21	921	1	1430050528
21	921	1	1439306889
21	921	1	1458426595
21	921	1	1474678819
21	921	1	1493064369
21	922	1	1430050279
21	922	1	1439306776
5	922	1	1440878559
21	922	1	1441539067
21	922	1	1458426435
6	922	1	1485074102
7	922	1	1490413440
21	922	1	1493064369
5	923	1	1436306812
21	923	1	1493064375
21	924	1	1429835151
6	924	1	1468528306
21	924	1	1493064365
5	925	1	1434438056
21	925	1	1493064397
21	926	1	1430120985
6	926	1	1486832349
21	926	1	1493064371
5	928	1	1428603559
21	928	1	1493064347
5	929	1	1435649788
7	929	1	1476228648
21	929	1	1493064353
5	930	1	1434940547
21	930	1	1493064398
5	932	1	1436343606
6	932	1	1468529417
6	932	1	1487171857
21	932	1	1493064383
5	934	1	1443512835
7	934	1	1469936095
7	934	1	1475625069
21	934	1	1493064480
31	936	1	1442856657
21	936	1	1493064480
5	937	1	1439833656
21	937	1	1493064377
5	938	1	1434980688
5	938	1	1438796311
21	938	1	1493064368
21	939	1	1425740583
5	939	1	1440162175
21	939	1	1493064341
31	940	1	1426695064
21	940	1	1432942308
5	940	1	1436824759
21	940	1	1441423426
6	940	1	1485818343
21	940	1	1493064315
5	941	1	1428711455
5	941	1	1430483466
6	941	1	1468527194
21	941	1	1493064347
5	942	1	1435658294
21	942	1	1493064354
5	943	1	1428711425
5	943	1	1430483376
6	943	1	1468527184
21	943	1	1493064347
5	944	1	1436179766
5	944	1	1465765378
7	944	1	1485484107
21	944	1	1493064378
5	945	1	1428666897
21	945	1	1439533970
7	945	1	1473487972
5	945	1	1486950979
21	945	1	1493064349
21	946	1	1429399805
5	946	1	1435923469
5	946	1	1462219177
21	946	1	1472572199
21	946	1	1493064330
5	947	1	1433217162
5	947	1	1436534793
5	947	1	1436670018
5	947	1	1467789699
21	947	1	1493064315
21	948	1	1425747765
21	948	1	1429617250
5	948	1	1440503007
21	948	1	1463532219
21	948	1	1493064353
5	949	1	1429616468
5	949	1	1437860175
5	949	1	1439328405
5	949	1	1440470948
5	949	1	1468114947
21	949	1	1493064351
5	950	1	1441180265
21	950	1	1459800816
6	950	1	1485291888
21	950	1	1493064380
5	951	1	1434891289
5	951	1	1464627952
21	951	1	1493064364
5	952	1	1433337015
5	952	1	1438123753
6	952	1	1488048277
21	952	1	1493064358
5	953	1	1441106076
21	953	1	1493064378
21	954	1	1430402551
5	954	1	1435785505
5	954	1	1458645118
6	954	1	1469607771
7	954	1	1487669457
21	954	1	1493064382
21	955	1	1443452684
21	955	1	1493064441
21	956	1	1424110491
21	956	1	1463264951
21	956	1	1493064342
21	957	1	1432632568
5	957	1	1444100138
5	957	1	1486920618
21	957	1	1493064343
5	959	1	1433229956
6	959	1	1468527558
7	959	1	1473044549
7	959	1	1473464304
21	959	1	1493064332
5	964	1	1442684961
6	964	1	1468530120
21	964	1	1493064403
5	966	1	1442854185
5	966	1	1477572484
21	966	1	1493064479
21	968	1	1435263775
21	968	1	1458953845
21	968	1	1493064386
5	970	1	1441461734
5	970	1	1467571643
21	970	1	1493064391
21	974	1	1424104610
6	974	1	1468527382
7	974	1	1473486461
7	974	1	1481090752
21	974	1	1493064339
6	975	1	1468530040
21	975	1	1493064421
6	976	1	1468530554
21	976	1	1493064426
6	978	1	1468530060
21	978	1	1493064419
7	979	1	1469936105
21	979	1	1493064470
7	980	1	1469936104
21	980	1	1493064474
7	982	1	1469936110
21	982	1	1493064459
21	983	1	1424107369
5	983	1	1436542220
21	983	1	1444997848
21	983	1	1466560005
6	983	1	1468527358
7	983	1	1473488807
7	983	1	1483410286
21	983	1	1493064340
21	984	1	1432629232
6	984	1	1468527348
21	984	1	1493064340
21	988	1	1429352761
5	988	1	1451931448
21	988	1	1456960816
5	988	1	1462177225
6	988	1	1483999649
21	988	1	1493064314
6	990	1	1468530544
21	990	1	1493064429
6	991	1	1468530524
21	991	1	1493064435
21	992	1	1424109391
5	992	1	1433248887
21	992	1	1445002047
21	992	1	1448661532
5	992	1	1452076492
21	992	1	1463263261
21	992	1	1493064342
5	993	1	1435458492
5	993	1	1452076483
21	993	1	1493064342
21	995	1	1429365604
21	995	1	1432113328
5	995	1	1433956965
5	995	1	1435017181
21	995	1	1442612262
21	995	1	1444863106
21	995	1	1453747667
21	995	1	1456976067
21	995	1	1493064315
21	997	1	1432590937
5	997	1	1444079553
21	997	1	1444154804
7	997	1	1482920921
21	997	1	1493064332
7	998	1	1469936109
21	998	1	1493064461
21	999	1	1429430291
21	999	1	1432590998
5	999	1	1444079572
21	999	1	1444154724
21	999	1	1457051699
21	999	1	1463186742
21	999	1	1493064332
31	1000	1	1443188427
7	1000	1	1469936111
7	1000	1	1475004412
21	1000	1	1493064456
189	1001	1	1424012575
189	1001	1	1424012783
21	1002	1	1429372372
21	1002	1	1432560413
21	1002	1	1442612380
21	1002	1	1443214353
5	1002	1	1451949365
21	1002	1	1463115545
21	1002	1	1493064328
21	1005	1	1424029244
5	1005	1	1440135305
21	1005	1	1472659420
7	1005	1	1473044523
6	1005	1	1485949850
21	1005	1	1493064337
5	1006	1	1435635290
5	1006	1	1459573472
5	1006	1	1467479904
21	1006	1	1493064383
6	1009	1	1468530484
21	1009	1	1493064444
21	1010	1	1429436300
21	1010	1	1432119343
5	1010	1	1435294005
21	1010	1	1444154762
5	1010	1	1452018887
21	1010	1	1463194677
5	1010	1	1486871803
21	1010	1	1493064334
21	1020	1	1424035322
21	1020	1	1432616134
21	1020	1	1457106289
5	1020	1	1462292796
21	1020	1	1463241860
7	1020	1	1475864936
7	1020	1	1476597583
6	1020	1	1484292029
21	1020	1	1493064338
35	1022	1	1424394452
111	1022	1	1438202022
141	1023	1	1424432062
141	1024	1	1424432062
35	1025	1	1424584161
111	1025	1	1438202020
35	1026	1	1424586228
51	1026	1	1438412773
25	1027	1	1424693775
21	1027	1	1424702597
21	1027	1	1425141255
21	1027	1	1425333048
21	1027	1	1426501959
21	1027	1	1429707216
21	1027	1	1442496778
21	1027	1	1448613927
21	1027	1	1468226783
21	1027	1	1470050920
21	1027	1	1476103436
42	1027	1	1498738548
25	1028	1	1424693880
21	1028	1	1424702315
21	1028	1	1426502003
21	1028	1	1427229468
21	1028	1	1428955718
21	1028	1	1431504149
21	1028	1	1432569296
21	1028	1	1443645722
21	1028	1	1457384735
21	1028	1	1466601860
21	1028	1	1470054900
21	1028	1	1470661784
21	1028	1	1476218325
42	1028	1	1498738658
25	1029	1	1424693999
21	1029	1	1424702509
21	1029	1	1424944494
21	1029	1	1425332872
21	1029	1	1425582263
21	1029	1	1426152871
21	1029	1	1427719207
21	1029	1	1428396763
21	1029	1	1429093599
21	1029	1	1432569310
21	1029	1	1434969009
21	1029	1	1437641907
21	1029	1	1439814800
21	1029	1	1442496634
21	1029	1	1452873058
21	1029	1	1466602051
8	1029	1	1498444283
25	1030	1	1424694131
21	1030	1	1424702458
21	1030	1	1426495772
21	1030	1	1429706894
21	1030	1	1439885950
21	1030	1	1446105885
21	1030	1	1466600861
7	1030	1	1476919637
42	1030	1	1498738478
25	1031	1	1424694210
21	1031	1	1424702685
21	1031	1	1432569280
21	1031	1	1439886099
21	1031	1	1446105680
21	1031	1	1466600662
21	1031	1	1470051155
21	1031	1	1475411023
21	1031	1	1476184952
21	1031	1	1491988401
42	1031	1	1498738638
25	1032	1	1424694225
21	1032	1	1424702345
21	1032	1	1426502027
21	1032	1	1432569286
21	1032	1	1439880677
21	1032	1	1446105467
21	1032	1	1452703580
21	1032	1	1466600573
42	1032	1	1498738598
25	1033	1	1424694287
21	1033	1	1424701803
21	1033	1	1426502017
21	1033	1	1432568971
21	1033	1	1446104613
21	1033	1	1466599884
21	1033	1	1470307344
42	1033	1	1498738608
25	1034	1	1424694314
21	1034	1	1424701660
21	1034	1	1426495815
21	1034	1	1432568973
21	1034	1	1444244924
21	1034	1	1466599892
42	1034	1	1498738518
25	1035	1	1424694414
21	1035	1	1424697598
21	1035	1	1426495899
21	1035	1	1428955770
21	1035	1	1442496423
7	1035	1	1476919838
7	1035	1	1492156559
42	1035	1	1498738418
25	1036	1	1424694465
21	1036	1	1424701547
21	1036	1	1426501976
21	1036	1	1432569302
21	1036	1	1440509261
21	1036	1	1466600612
21	1036	1	1470045970
21	1036	1	1476105937
42	1036	1	1498738438
25	1037	1	1424694527
21	1037	1	1424702087
21	1037	1	1426495885
21	1037	1	1432569292
21	1037	1	1442497170
21	1037	1	1446105905
21	1037	1	1466601286
7	1037	1	1476918750
21	1037	1	1481616993
42	1037	1	1498738588
25	1038	1	1424694541
21	1038	1	1424702520
21	1038	1	1426501860
21	1038	1	1429707417
21	1038	1	1432569306
21	1038	1	1440507185
21	1038	1	1446106077
21	1038	1	1470043766
7	1038	1	1476918605
21	1038	1	1492896606
42	1038	1	1498738688
25	1039	1	1424694586
21	1039	1	1424701622
21	1039	1	1432569205
21	1039	1	1432640937
21	1039	1	1440498056
21	1039	1	1446105614
21	1039	1	1466600173
8	1039	1	1498127440
25	1040	1	1424694605
21	1040	1	1424702586
21	1040	1	1432569284
21	1040	1	1439886245
21	1040	1	1442471896
21	1040	1	1446105265
21	1040	1	1471255452
8	1040	1	1498300769
25	1041	1	1424694688
21	1041	1	1424701605
21	1041	1	1426495851
21	1041	1	1432569290
21	1041	1	1446105454
21	1041	1	1470659334
21	1041	1	1483424832
42	1041	1	1498738448
25	1042	1	1424694732
21	1042	1	1424700774
21	1042	1	1426495891
21	1042	1	1432237015
21	1042	1	1432642418
21	1042	1	1446105206
21	1042	1	1447367540
21	1042	1	1466600137
21	1042	1	1486991829
42	1042	1	1498738508
25	1043	1	1424694776
21	1043	1	1424702205
21	1043	1	1426495761
21	1043	1	1427795209
21	1043	1	1432569288
21	1043	1	1445938866
21	1043	1	1470134513
21	1043	1	1476217174
7	1043	1	1492156486
42	1043	1	1498738528
25	1044	1	1424694826
21	1044	1	1424701533
21	1044	1	1426501971
21	1044	1	1428955397
21	1044	1	1432569294
21	1044	1	1446105613
21	1044	1	1466600600
42	1044	1	1498738538
25	1045	1	1424694853
21	1045	1	1424695757
25	1045	1	1424695779
21	1045	1	1424702546
21	1045	1	1425332299
21	1045	1	1426501833
21	1045	1	1426600119
21	1045	1	1429092667
21	1045	1	1446105875
7	1045	1	1476918848
42	1045	1	1498738558
25	1046	1	1424694919
21	1046	1	1424697675
21	1046	1	1428351142
21	1046	1	1430250705
21	1046	1	1440678662
21	1046	1	1446105960
42	1046	1	1498738648
25	1047	1	1424694973
21	1047	1	1424700681
21	1047	1	1426501754
21	1047	1	1426673604
21	1047	1	1429000799
21	1047	1	1432569253
21	1047	1	1442492630
21	1047	1	1466600767
21	1047	1	1475408290
42	1047	1	1498738338
25	1048	1	1424694993
21	1048	1	1424702495
21	1048	1	1425291181
21	1048	1	1426501823
21	1048	1	1432569312
21	1048	1	1446106137
7	1048	1	1476919567
42	1048	1	1498738698
190	1049	1	1425483259
25	1050	1	1426489484
21	1050	1	1426501483
21	1050	1	1426587664
21	1050	1	1426666700
21	1050	1	1426686126
21	1050	1	1427111959
21	1050	1	1427145263
21	1050	1	1427389675
21	1050	1	1427795953
21	1050	1	1427923525
21	1050	1	1428486464
21	1050	1	1429008450
21	1050	1	1429262004
21	1050	1	1430393771
21	1050	1	1431684344
21	1050	1	1432202423
21	1050	1	1432569231
21	1050	1	1432932593
21	1050	1	1433533812
21	1050	1	1434046697
21	1050	1	1435308612
21	1050	1	1438239440
21	1050	1	1439288079
21	1050	1	1440401685
21	1050	1	1440678623
21	1050	1	1442498233
21	1050	1	1443175949
21	1050	1	1443645881
21	1050	1	1446105962
21	1050	1	1446155407
21	1050	1	1449223492
21	1050	1	1450360992
21	1050	1	1466601526
21	1050	1	1466773265
21	1050	1	1467230296
21	1050	1	1467320784
21	1050	1	1468186690
21	1050	1	1468238574
21	1050	1	1468571519
21	1050	1	1472803932
21	1050	1	1473164676
21	1050	1	1479885728
21	1050	1	1492895764
42	1050	1	1498738188
25	1051	1	1426489561
21	1051	1	1426501611
21	1051	1	1426590505
21	1051	1	1426686033
21	1051	1	1427297931
21	1051	1	1427718050
21	1051	1	1427893682
21	1051	1	1427991842
21	1051	1	1428505147
21	1051	1	1429092468
21	1051	1	1429733545
21	1051	1	1431638251
21	1051	1	1432557890
21	1051	1	1433326986
21	1051	1	1433941881
21	1051	1	1434973795
21	1051	1	1438592850
21	1051	1	1439973921
21	1051	1	1440678216
21	1051	1	1441698712
21	1051	1	1442497632
21	1051	1	1443646132
21	1051	1	1446105998
21	1051	1	1450218448
21	1051	1	1450634781
21	1051	1	1467098385
21	1051	1	1468322309
21	1051	1	1468585804
21	1051	1	1470685775
21	1051	1	1474055633
21	1051	1	1479211561
42	1051	1	1498738198
25	1052	1	1426489577
21	1052	1	1426502059
21	1052	1	1426587677
21	1052	1	1426666685
21	1052	1	1426715735
21	1052	1	1427111975
21	1052	1	1427229155
21	1052	1	1427464704
21	1052	1	1427886516
21	1052	1	1427991010
21	1052	1	1428571153
21	1052	1	1429089180
21	1052	1	1429733388
21	1052	1	1431550899
21	1052	1	1431977443
21	1052	1	1432569229
21	1052	1	1432932348
21	1052	1	1433534150
21	1052	1	1434441648
21	1052	1	1436940761
21	1052	1	1438764415
21	1052	1	1440162447
21	1052	1	1440678414
21	1052	1	1442498477
21	1052	1	1443645977
21	1052	1	1446105977
21	1052	1	1449225258
21	1052	1	1450361496
21	1052	1	1466601504
21	1052	1	1479207561
21	1052	1	1491915443
42	1052	1	1498738568
25	1053	1	1426489588
21	1053	1	1426501469
21	1053	1	1426587786
21	1053	1	1426676957
21	1053	1	1427229183
21	1053	1	1427456567
21	1053	1	1427823084
21	1053	1	1427966623
21	1053	1	1428503897
21	1053	1	1429046073
21	1053	1	1429732728
21	1053	1	1431549877
21	1053	1	1431969309
21	1053	1	1432569234
21	1053	1	1432932475
21	1053	1	1433533930
21	1053	1	1434046821
21	1053	1	1435668653
21	1053	1	1438592776
21	1053	1	1439973792
21	1053	1	1440495257
21	1053	1	1442222405
21	1053	1	1442498357
21	1053	1	1442567374
21	1053	1	1443646048
21	1053	1	1446105982
21	1053	1	1446155704
21	1053	1	1449129588
21	1053	1	1450219168
21	1053	1	1450635088
21	1053	1	1467981753
21	1053	1	1468219300
21	1053	1	1468321176
21	1053	1	1470055656
21	1053	1	1470649255
21	1053	1	1479211718
21	1053	1	1479979388
42	1053	1	1498738178
47	1054	1	1426632475
12	1054	1	1429224306
47	1054	1	1429245540
47	1055	1	1426632475
12	1055	1	1429224306
47	1055	1	1429245540
47	1056	1	1426632475
12	1056	1	1429224306
47	1056	1	1429245540
47	1057	1	1426632475
12	1057	1	1429224306
47	1057	1	1429245541
47	1058	1	1426632475
12	1058	1	1429224306
47	1058	1	1429245541
47	1059	1	1426632475
12	1059	1	1429224306
47	1059	1	1429245541
47	1060	1	1426632476
12	1060	1	1429224310
47	1060	1	1429245541
47	1061	1	1426632476
12	1061	1	1429224306
47	1061	1	1429245541
47	1062	1	1426632476
47	1063	1	1426632476
47	1064	1	1426632476
12	1064	1	1429224310
47	1064	1	1429245541
47	1065	1	1426632476
12	1065	1	1429224310
47	1065	1	1429245541
47	1066	1	1426632476
12	1066	1	1429224310
47	1066	1	1429245541
47	1067	1	1426632476
12	1067	1	1429224310
47	1067	1	1429245541
47	1068	1	1426632476
12	1068	1	1429224310
47	1068	1	1429245541
47	1069	1	1426632476
12	1069	1	1429224310
47	1069	1	1429245551
47	1070	1	1426632476
12	1070	1	1429224310
47	1070	1	1429245551
35	1071	1	1426643628
47	1072	1	1427211823
112	1076	1	1429211995
191	1077	1	1429561322
21	1077	1	1432120958
5	1077	1	1444085298
5	1077	1	1452026953
21	1077	1	1463207190
5	1077	1	1467848020
7	1077	1	1469934783
6	1077	1	1484230050
21	1077	1	1493064334
191	1078	1	1429561706
21	1078	1	1432630226
5	1078	1	1435119219
5	1078	1	1444099230
5	1078	1	1452069625
21	1078	1	1463261624
6	1078	1	1484340712
21	1078	1	1493064340
191	1079	1	1429563985
191	1079	1	1429564132
21	1079	1	1432124288
5	1079	1	1435119292
5	1079	1	1444098123
5	1079	1	1452064484
5	1079	1	1462312583
21	1079	1	1463257409
21	1079	1	1493064339
191	1080	1	1429565055
191	1081	1	1429566539
21	1083	1	1493064335
111	1084	1	1438202021
111	1085	1	1438202023
192	1086	1	1438644684
193	1087	1	1440409096
193	1087	1	1442107863
87	1088	1	1441159036
87	1088	1	1441562825
87	1088	1	1442153713
194	1089	1	1441184529
193	1089	1	1442109277
192	1090	1	1443815816
192	1091	1	1443815816
192	1092	1	1443815816
192	1093	1	1443815816
192	1094	1	1443815816
192	1095	1	1443815816
192	1096	1	1443815817
25	1097	1	1445953777
21	1097	1	1446103882
21	1097	1	1446533604
21	1097	1	1450564491
21	1097	1	1452715866
21	1097	1	1471380239
42	1097	1	1498738428
25	1098	1	1445953803
21	1098	1	1446106214
21	1098	1	1466601933
42	1098	1	1498738668
195	1099	1	1447679760
195	1099	1	1447679811
191	1100	1	1450037172
6	1100	1	1468530514
21	1100	1	1493064438
191	1101	1	1450037221
5	1101	1	1451069897
21	1101	1	1458638817
6	1101	1	1483477237
21	1101	1	1493064379
191	1102	1	1450037256
5	1102	1	1450603075
5	1102	1	1468108036
21	1102	1	1493064351
191	1103	1	1450037390
191	1104	1	1450037394
5	1104	1	1451433673
5	1104	1	1459140241
21	1104	1	1462346031
21	1104	1	1464711668
21	1104	1	1493064381
191	1105	1	1450037408
5	1105	1	1450312100
7	1105	1	1481980997
21	1105	1	1493064336
191	1106	1	1450037430
5	1106	1	1450668703
7	1106	1	1475546962
6	1106	1	1486318574
21	1106	1	1493064357
191	1107	1	1450037450
21	1107	1	1459700155
6	1107	1	1485744744
6	1107	1	1487490893
21	1107	1	1493064399
191	1108	1	1450037461
191	1109	1	1450037485
191	1110	1	1450037513
191	1111	1	1450037770
111	1112	1	1450286643
111	1113	1	1450290245
153	1114	1	1451502431
153	1115	1	1451502446
153	1116	1	1451502446
185	1117	1	1461695650
153	1118	1	1462387261
196	1119	1	1463819786
5	1120	1	1467863676
6	1120	1	1484276269
21	1120	1	1493064337
6	1121	1	1468528453
7	1121	1	1474375826
21	1121	1	1493064360
21	1122	1	1472016494
7	1122	1	1474376092
21	1122	1	1493064345
6	1123	1	1468529638
7	1123	1	1474375208
6	1123	1	1486931489
21	1123	1	1493064376
6	1124	1	1468528275
7	1124	1	1473226798
7	1124	1	1473510437
7	1124	1	1474375510
21	1124	1	1493064366
6	1125	1	1468530070
21	1125	1	1493064415
6	1126	1	1468530504
21	1126	1	1493064439
6	1131	1	1468530454
21	1131	1	1493064450
7	1132	1	1469936104
21	1132	1	1493064471
6	1134	1	1468527700
7	1134	1	1473438578
7	1134	1	1474694738
6	1134	1	1487717140
21	1134	1	1493064314
6	1135	1	1468530534
21	1135	1	1493064432
8	1138	1	1469936001
111	1139	1	1472122653
111	1140	1	1472122654
7	1141	1	1474309712
21	1141	1	1493064367
7	1143	1	1473918403
21	1143	1	1493064399
7	1144	1	1473489319
7	1144	1	1474218933
5	1144	1	1486915653
21	1144	1	1493064341
7	1147	1	1473485188
6	1147	1	1484049940
21	1147	1	1493064316
197	1161	1	1478738870
174	1162	1	1487198455
148	1163	1	1487247403
135	1164	1	1497567973
