1	1	1	1075389687
1	2	1	1075389687
1	3	1	1077421575
1	4	1	1086462810
1	5	1	1086462810
1	6	1	1086462810
1	7	1	1086462810
1	8	1	1086462810
1	9	1	1086462810
1	10	1	1086462810
1	11	1	1086462810
1	12	1	1086462810
1	13	1	1086462810
1	14	1	1086462810
1	15	1	1086462810
1	16	1	1086462810
1	17	1	1086462810
1	18	1	1086462810
1	19	1	1086462810
1	20	1	1086462810
1	21	1	1086462810
1	22	1	1086462810
1	23	1	1086462810
1	24	1	1086462810
1	25	1	1086462810
1	26	1	1086462810
1	27	1	1086462810
1	28	1	1086462810
1	29	1	1086462810
1	30	1	1086462810
1	31	1	1086462810
1	32	1	1086462810
1	33	1	1086462810
1	34	1	1086462810
1	35	1	1086462810
1	36	1	1086462810
1	37	1	1086462810
1	38	1	1086462810
1	39	1	1086462810
1	40	1	1086462810
1	41	1	1086462810
1	42	1	1086462810
1	43	1	1086462810
1	44	1	1086462810
1	45	1	1086462810
1	46	1	1086462810
1	47	1	1086462810
1	48	1	1086462810
1	49	1	1086462810
1	50	1	1086462810
1	51	1	1086462810
1	52	1	1086462810
1	53	1	1086462810
1	54	1	1086462810
1	55	1	1086462810
1	56	1	1086462810
1	57	1	1086462810
1	58	1	1086462810
1	59	1	1086462810
1	60	1	1086462810
1	61	1	1086462810
1	62	1	1086462810
1	63	1	1086462810
1	64	1	1086462810
1	65	1	1086462810
1	66	1	1086462810
1	67	1	1086462810
1	68	1	1086462810
1	69	1	1086462810
1	70	1	1086462810
1	71	1	1086462810
1	72	1	1086462810
1	73	1	1086462810
1	74	1	1086462810
1	75	1	1086462810
1	76	1	1086462810
1	77	1	1086462810
1	78	1	1086462912
2	80	1	1114209834
3	80	1	1429232885
4	81	1	1134693416
4	81	1	1138300980
4	82	1	1134693409
4	82	1	1135305427
4	82	1	1136423169
4	82	1	1136769594
4	82	1	1138380174
5	83	1	1135905821
5	84	1	1135905905
6	85	1	1136452633
7	85	1	1442128250
7	85	1	1442653712
6	86	1	1136452867
6	87	1	1136453731
8	87	1	1140656708
9	87	1	1154401154
9	87	1	1154401182
10	87	1	1171438341
11	87	1	1216679349
12	87	1	1216679505
12	87	1	1217347575
12	87	1	1217347601
13	87	1	1238642141
14	87	1	1337691895
15	87	1	1440795416
16	87	1	1463631857
17	88	1	1137398111
17	89	1	1137398125
18	90	1	1137765625
19	91	1	1151850889
20	91	1	1277174397
20	91	1	1277175901
9	92	1	1154401154
21	92	1	1266043662
9	93	1	1154401154
22	93	1	1268702553
23	95	1	1162212358
20	95	1	1225272900
24	96	1	1162392778
10	97	1	1171438469
10	98	1	1171438487
23	99	1	1173312707
25	99	1	1337723574
25	99	1	1424808453
13	100	1	1237452814
26	100	1	1387486100
25	100	1	1493061407
13	101	1	1237160737
26	101	1	1387485147
27	101	1	1469929569
25	101	1	1493061269
13	102	1	1238058500
28	102	1	1307973339
26	102	1	1387494194
27	102	1	1469929877
25	102	1	1493061505
13	103	1	1237163796
26	103	1	1387488268
25	103	1	1493061412
13	104	1	1237169605
26	104	1	1387493006
27	104	1	1489655267
25	104	1	1493061489
13	105	1	1237246448
26	105	1	1387491707
25	105	1	1493061476
13	106	1	1237332528
26	106	1	1387490619
25	106	1	1493061443
13	107	1	1237452815
26	107	1	1387488165
27	107	1	1469929738
25	107	1	1493061439
13	108	1	1237332552
26	108	1	1387488166
27	108	1	1489654712
25	108	1	1493061438
13	109	1	1238292264
26	109	1	1387491723
25	109	1	1493061472
13	110	1	1238058422
26	110	1	1387495376
27	110	1	1469929933
27	110	1	1475550522
25	110	1	1493061519
13	111	1	1238059152
28	111	1	1295702676
28	111	1	1295703048
28	111	1	1295703294
26	111	1	1387495394
25	111	1	1493061517
13	112	1	1237218558
26	112	1	1387488266
25	112	1	1431005515
25	112	1	1493061413
13	113	1	1238058466
26	113	1	1387493008
25	113	1	1431008109
25	113	1	1493061488
13	114	1	1237586796
26	114	1	1387491705
25	114	1	1493061477
13	115	1	1237194883
28	115	1	1281953288
28	115	1	1281953568
26	115	1	1387488175
25	115	1	1493061436
13	116	1	1238154882
26	116	1	1387488213
25	116	1	1493061420
13	117	1	1238058424
26	117	1	1387488215
25	117	1	1493061420
13	118	1	1238058465
26	118	1	1387491751
25	118	1	1493061467
13	119	1	1238113329
26	119	1	1387486122
25	119	1	1493061403
13	120	1	1237164210
26	120	1	1387488208
27	120	1	1469929693
25	120	1	1493061422
13	121	1	1238058406
26	121	1	1387488219
25	121	1	1493061419
13	122	1	1237157665
26	122	1	1387488235
25	122	1	1493061416
13	123	1	1237173290
26	123	1	1387491710
25	123	1	1493061476
13	124	1	1237210324
26	124	1	1387495382
25	124	1	1493061519
13	125	1	1237194841
26	125	1	1387490608
25	125	1	1493061445
13	126	1	1237576245
26	126	1	1387488204
25	126	1	1493061423
29	127	1	1217348044
26	127	1	1387491727
25	127	1	1493061472
29	128	1	1217348074
26	128	1	1387483567
30	128	1	1424583910
25	128	1	1493061259
29	129	1	1217348105
26	129	1	1387486133
25	129	1	1431003794
27	129	1	1469929610
25	129	1	1493061401
29	130	1	1217348135
26	130	1	1387486119
27	130	1	1469929608
25	130	1	1493061404
29	131	1	1217348202
26	131	1	1387496410
25	131	1	1431010694
27	131	1	1469929974
25	131	1	1493061541
29	132	1	1217348232
26	132	1	1387488211
25	132	1	1493061421
29	133	1	1217348262
26	133	1	1387485163
25	133	1	1493061266
29	134	1	1217348292
26	134	1	1387491695
25	134	1	1493061478
29	135	1	1217348322
26	135	1	1387485118
25	135	1	1431002948
27	135	1	1469929565
25	135	1	1493061275
29	136	1	1217348352
26	136	1	1387496366
25	136	1	1493061550
29	137	1	1217348387
26	137	1	1387491701
25	137	1	1431008151
27	137	1	1469929833
25	137	1	1493061477
29	138	1	1217348416
26	138	1	1387491739
27	138	1	1469929781
25	138	1	1493061469
31	140	1	1236212846
31	140	1	1236213428
31	140	1	1236214925
13	140	1	1237164907
26	140	1	1387483581
25	140	1	1493061256
13	141	1	1237187062
26	141	1	1387483578
25	141	1	1493061257
13	142	1	1238058429
26	142	1	1331562202
25	142	1	1431002046
25	142	1	1493061257
13	144	1	1237219314
26	144	1	1387483575
25	144	1	1493061258
13	145	1	1237278120
26	145	1	1387483573
25	145	1	1493061259
13	146	1	1237586674
26	146	1	1387483564
25	146	1	1493061259
13	147	1	1238650862
26	147	1	1387483561
25	147	1	1431002040
27	147	1	1469929403
25	147	1	1493061260
13	148	1	1238058408
25	148	1	1493061260
13	149	1	1237452812
25	149	1	1493061261
13	150	1	1237210336
26	150	1	1387483559
25	150	1	1493061261
13	151	1	1238058458
26	151	1	1387483556
25	151	1	1493061262
13	152	1	1237287435
26	152	1	1387485189
25	152	1	1493061262
13	154	1	1238650795
32	154	1	1293627924
33	154	1	1364479853
26	154	1	1387485186
25	154	1	1493061263
13	155	1	1237534376
26	155	1	1387485170
25	155	1	1493061263
13	156	1	1238058485
26	156	1	1387485167
25	156	1	1493061264
28	158	1	1281953054
25	158	1	1493061265
13	160	1	1238058413
26	160	1	1387485160
25	160	1	1493061267
13	161	1	1237173280
26	161	1	1387485157
25	161	1	1493061267
13	162	1	1238393356
26	162	1	1387485156
25	162	1	1493061267
13	163	1	1237330676
26	163	1	1387485153
25	163	1	1493061268
13	164	1	1238127161
26	164	1	1387485150
25	164	1	1493061269
13	165	1	1238240300
26	165	1	1387485145
25	165	1	1493061270
13	166	1	1237173278
26	166	1	1387485141
25	166	1	1431002958
25	166	1	1493061271
13	167	1	1237159247
34	167	1	1323052807
26	167	1	1387485135
27	167	1	1477439879
25	167	1	1493061271
13	168	1	1238058494
26	168	1	1311426422
26	168	1	1387485130
25	168	1	1431002952
25	168	1	1493061272
13	169	1	1237555179
26	169	1	1387485127
25	169	1	1493061273
13	170	1	1237300900
26	170	1	1387485125
25	170	1	1493061273
13	171	1	1237187059
25	171	1	1493061274
13	172	1	1238059104
26	172	1	1387485123
27	172	1	1469929567
25	172	1	1493061275
13	174	1	1238246272
26	174	1	1387485116
25	174	1	1493061276
13	175	1	1237195121
26	175	1	1387485106
25	175	1	1493061392
13	176	1	1237173276
26	176	1	1387485103
27	176	1	1469929563
25	176	1	1493061393
13	177	1	1237584931
26	177	1	1387485099
25	177	1	1493061394
13	178	1	1237277855
26	178	1	1387485096
25	178	1	1493061396
13	179	1	1238058492
26	179	1	1387485092
25	179	1	1493061396
13	180	1	1237232939
26	180	1	1387485089
25	180	1	1431003800
25	180	1	1493061398
13	181	1	1238058494
26	181	1	1387485085
25	181	1	1493061398
13	182	1	1237157320
26	182	1	1387485079
25	182	1	1493061400
13	183	1	1238058413
25	183	1	1431003796
25	183	1	1493061400
13	184	1	1237173273
26	184	1	1387486130
25	184	1	1493061402
13	185	1	1238058303
34	185	1	1323052797
25	185	1	1352129083
26	185	1	1387486125
25	185	1	1431003788
27	185	1	1469929609
25	185	1	1493061402
13	186	1	1238118186
26	186	1	1387486116
25	186	1	1493061404
13	189	1	1237308475
26	189	1	1387486114
25	189	1	1493061405
31	190	1	1236218149
13	190	1	1238058463
13	190	1	1273635178
26	190	1	1332354633
26	190	1	1332596063
34	190	1	1362623988
35	190	1	1370701544
26	190	1	1387486108
25	190	1	1493061406
13	192	1	1238058438
25	192	1	1493061407
13	193	1	1238058480
26	193	1	1387487097
25	193	1	1493061408
13	194	1	1238058432
26	194	1	1387487096
25	194	1	1493061409
13	195	1	1237195116
26	195	1	1387487092
25	195	1	1493061410
13	200	1	1237308422
26	200	1	1387488265
25	200	1	1431005512
25	200	1	1493061413
11	201	1	1218559657
31	201	1	1236214103
31	201	1	1236214262
35	201	1	1370701444
25	201	1	1448307543
25	201	1	1493061414
13	202	1	1237194905
26	202	1	1387488238
25	202	1	1493061416
13	203	1	1237308420
26	203	1	1387488232
25	203	1	1493061417
13	204	1	1237264464
29	204	1	1363875050
26	204	1	1387488228
27	204	1	1469929695
25	204	1	1493061418
13	208	1	1237452822
26	208	1	1387488222
27	208	1	1469929694
27	208	1	1480638944
25	208	1	1493061418
13	211	1	1237667719
26	211	1	1387488195
25	211	1	1493061423
13	212	1	1238117465
26	212	1	1387488192
25	212	1	1493061424
13	213	1	1238369344
25	213	1	1431005483
25	213	1	1493061425
13	216	1	1237160751
26	216	1	1387488189
25	216	1	1493061432
13	217	1	1237200259
26	217	1	1387488187
25	217	1	1493061433
13	219	1	1238058913
26	219	1	1387488184
25	219	1	1493061434
13	220	1	1237294512
26	220	1	1387488181
25	220	1	1493061435
13	221	1	1237670815
26	221	1	1387488178
25	221	1	1493061435
13	222	1	1238058486
26	222	1	1387488174
27	222	1	1469929691
25	222	1	1493061437
13	223	1	1238123911
26	223	1	1387488171
25	223	1	1493061438
13	226	1	1238058412
33	226	1	1364470305
26	226	1	1387490637
25	226	1	1493061440
13	229	1	1237169618
26	229	1	1387490628
25	229	1	1493061440
13	230	1	1237159217
26	230	1	1387490626
25	230	1	1493061441
13	233	1	1237670550
26	233	1	1387490623
25	233	1	1493061442
13	235	1	1237161930
26	235	1	1387490617
25	235	1	1493061443
13	238	1	1237157325
26	238	1	1387490613
25	238	1	1493061444
13	240	1	1237169611
26	240	1	1387490603
25	240	1	1493061445
11	242	1	1218558888
32	242	1	1293706456
35	242	1	1345671517
35	242	1	1370703206
26	242	1	1387490594
27	242	1	1475547887
27	242	1	1489654867
25	242	1	1493061446
13	243	1	1237264437
26	243	1	1387490578
25	243	1	1493061447
13	244	1	1237257064
26	244	1	1387490575
25	244	1	1493061448
13	246	1	1237169608
25	246	1	1493061448
13	248	1	1238092957
26	248	1	1387490571
25	248	1	1493061449
13	249	1	1238058398
26	249	1	1387490569
27	249	1	1489654864
25	249	1	1493061450
13	250	1	1238110965
26	250	1	1387490565
25	250	1	1493061450
13	251	1	1237193134
25	251	1	1493061451
13	252	1	1237158891
26	252	1	1387490561
25	252	1	1493061452
13	253	1	1237657690
26	253	1	1387490557
25	253	1	1493061452
13	256	1	1237330667
33	256	1	1364470335
26	256	1	1387490554
27	256	1	1469929735
25	256	1	1493061453
29	257	1	1192749154
29	257	1	1220799849
29	257	1	1220950364
29	257	1	1220952170
29	257	1	1221074567
29	257	1	1221156064
29	257	1	1221243859
29	257	1	1221339302
29	257	1	1221384522
29	257	1	1221485880
29	257	1	1221652076
29	257	1	1231590474
29	257	1	1231856472
29	257	1	1235329849
29	257	1	1244720939
21	257	1	1258414225
29	257	1	1270148685
32	257	1	1286083172
21	257	1	1298665298
21	257	1	1303058231
21	257	1	1307650737
21	257	1	1315149587
25	257	1	1349095811
29	257	1	1364739891
25	257	1	1417521312
25	257	1	1419609400
25	257	1	1419678993
25	257	1	1420225012
25	257	1	1421311658
25	257	1	1421961277
25	257	1	1422371550
25	257	1	1424257999
25	257	1	1426235932
25	257	1	1430250221
25	257	1	1432567711
25	257	1	1445247925
25	257	1	1466596068
25	257	1	1470691135
25	257	1	1491900677
25	257	1	1499069795
13	258	1	1237493838
26	258	1	1387490545
25	258	1	1493061454
13	259	1	1238058488
26	259	1	1387490542
25	259	1	1493061455
13	260	1	1238641932
26	260	1	1387490539
25	260	1	1493061456
13	264	1	1237532261
26	264	1	1387491833
25	264	1	1431007301
25	264	1	1493061456
13	266	1	1238073927
26	266	1	1387491827
25	266	1	1493061458
13	267	1	1238058453
26	267	1	1387491823
25	267	1	1493061458
13	269	1	1238102010
26	269	1	1387491819
25	269	1	1493061459
11	271	1	1218558423
13	271	1	1241205171
13	271	1	1267063351
32	271	1	1293706468
35	271	1	1344473491
35	271	1	1348652068
26	271	1	1387491808
25	271	1	1431007281
25	271	1	1446146239
25	271	1	1465371717
27	271	1	1475548066
25	271	1	1493061461
13	273	1	1237279465
26	273	1	1387491781
25	273	1	1493061461
13	274	1	1237452873
26	274	1	1387491772
27	274	1	1469929785
25	274	1	1493061462
13	275	1	1237235954
26	275	1	1331678042
26	275	1	1387491770
25	275	1	1493061462
13	276	1	1237487357
26	276	1	1387491762
25	276	1	1493061463
36	280	1	1441440441
13	282	1	1238058698
26	282	1	1387491758
25	282	1	1431007233
25	282	1	1493061464
13	283	1	1238058455
26	283	1	1387491754
25	283	1	1493061464
13	284	1	1238642240
25	284	1	1431007229
25	284	1	1493061466
13	287	1	1237257059
26	287	1	1387491749
25	287	1	1493061467
13	288	1	1237573624
26	288	1	1387491745
27	288	1	1469929782
25	288	1	1493061468
13	289	1	1237672225
25	289	1	1431007227
25	289	1	1493061470
13	290	1	1237463306
26	290	1	1387491735
25	290	1	1493061470
13	291	1	1238058610
26	291	1	1311426431
26	291	1	1387491732
25	291	1	1431007222
25	291	1	1493061471
13	293	1	1238058399
26	293	1	1387491722
27	293	1	1469929779
25	293	1	1493061473
13	294	1	1237287425
26	294	1	1387491718
25	294	1	1493061474
13	297	1	1238083360
26	297	1	1387491714
25	297	1	1493061475
11	299	1	1218561633
35	299	1	1370702726
25	299	1	1431008145
25	299	1	1493061479
13	300	1	1238354119
26	300	1	1387493077
25	300	1	1493061479
13	301	1	1237156966
26	301	1	1387493066
25	301	1	1493061481
13	302	1	1238058494
26	302	1	1387493060
25	302	1	1493061482
13	303	1	1237664422
26	303	1	1387493056
27	303	1	1489655142
25	303	1	1493061482
13	304	1	1237294502
26	304	1	1387493052
25	304	1	1493061484
13	305	1	1237169624
26	305	1	1387493048
25	305	1	1431008118
25	305	1	1493061484
13	306	1	1237273460
26	306	1	1387493036
25	306	1	1493061485
13	307	1	1237180871
13	307	1	1261160431
13	307	1	1261428255
13	307	1	1265451519
26	307	1	1299204328
35	307	1	1374721910
25	307	1	1442852749
25	307	1	1446574002
25	307	1	1465371654
27	307	1	1469929828
27	307	1	1475549964
25	307	1	1493061486
13	308	1	1237498397
26	308	1	1387493022
25	308	1	1493061486
13	309	1	1237218551
26	309	1	1387493017
25	309	1	1493061487
13	314	1	1237462464
26	314	1	1334497170
26	314	1	1387492998
33	314	1	1432927239
25	314	1	1493061489
13	315	1	1238663602
26	315	1	1329262278
26	315	1	1387492979
25	315	1	1493061490
13	316	1	1237157321
26	316	1	1387492971
25	316	1	1431008105
25	316	1	1493061491
13	317	1	1237158031
26	317	1	1387492951
25	317	1	1493061493
13	318	1	1237666854
26	318	1	1387492955
25	318	1	1493061493
13	319	1	1237215752
13	319	1	1271723215
26	319	1	1299204281
26	319	1	1387492942
37	319	1	1443820000
27	319	1	1469929886
27	319	1	1475550176
25	319	1	1493061494
13	322	1	1237212741
26	322	1	1387494235
25	322	1	1493061495
13	323	1	1238355757
26	323	1	1387494227
25	323	1	1493061499
13	324	1	1237670843
26	324	1	1387494223
25	324	1	1493061499
13	325	1	1237200221
26	325	1	1387494216
25	325	1	1493061500
13	326	1	1237452811
26	326	1	1387494211
38	326	1	1398583194
33	326	1	1443901686
27	326	1	1469929880
25	326	1	1493061500
13	327	1	1237669809
26	327	1	1387494205
25	327	1	1493061502
11	328	1	1218648814
35	328	1	1370704478
25	328	1	1448307475
27	328	1	1475548238
25	328	1	1493061503
13	331	1	1238058422
26	331	1	1387494198
25	331	1	1493061503
13	334	1	1237193137
25	334	1	1493061504
13	336	1	1238642167
26	336	1	1387494186
25	336	1	1493061505
11	339	1	1218648664
28	339	1	1278757874
39	339	1	1322984290
35	339	1	1374690760
27	339	1	1469929876
27	339	1	1475548224
25	339	1	1493061506
13	340	1	1238058458
26	340	1	1387494181
25	340	1	1493061507
13	341	1	1237273459
26	341	1	1387494177
25	341	1	1493061508
13	342	1	1237173271
26	342	1	1387494173
25	342	1	1493061508
25	344	1	1349091031
25	344	1	1349093306
25	344	1	1349094084
29	344	1	1359122751
25	344	1	1417592487
25	344	1	1418822742
25	344	1	1419609333
25	344	1	1424199069
25	344	1	1424268091
25	344	1	1424768860
25	344	1	1425384543
25	344	1	1425670546
25	344	1	1425996322
25	344	1	1426165551
25	344	1	1428417187
25	344	1	1429168043
25	344	1	1431685257
25	344	1	1432567788
25	344	1	1433534375
25	344	1	1433538264
25	344	1	1439467024
25	344	1	1442220713
25	344	1	1444037222
25	344	1	1446151210
25	344	1	1450211699
25	344	1	1472640842
25	344	1	1481696218
25	344	1	1499069783
13	346	1	1237286416
26	346	1	1387494169
25	346	1	1493061509
13	347	1	1238058413
25	347	1	1493061510
13	348	1	1238142022
26	348	1	1387494165
27	348	1	1489655345
25	348	1	1493061511
13	350	1	1237563144
26	350	1	1387494160
25	350	1	1493061512
31	354	1	1236215452
31	354	1	1236215835
13	354	1	1238058487
26	354	1	1387495400
25	354	1	1431009852
33	354	1	1443951107
25	354	1	1493061515
13	355	1	1238058417
25	355	1	1493061516
13	356	1	1237278115
26	356	1	1387495388
25	356	1	1493061517
13	357	1	1238088326
26	357	1	1387495385
25	357	1	1493061518
13	358	1	1237452780
26	358	1	1387495375
27	358	1	1483027404
25	358	1	1493061520
13	359	1	1237519420
26	359	1	1387495371
25	359	1	1493061520
13	360	1	1237278108
40	360	1	1273327352
26	360	1	1387495368
25	360	1	1493061521
13	361	1	1237522154
26	361	1	1387495366
25	361	1	1493061522
11	363	1	1218563037
13	363	1	1273596820
13	363	1	1287182626
13	363	1	1287188451
32	363	1	1293627996
35	363	1	1345673800
35	363	1	1370706480
25	363	1	1431009840
27	363	1	1469929931
27	363	1	1475548476
25	363	1	1493061523
13	364	1	1237492196
26	364	1	1387495361
25	364	1	1493061524
13	366	1	1237452794
25	366	1	1432921119
27	366	1	1484735301
25	366	1	1493061525
13	368	1	1237235952
26	368	1	1387495357
25	368	1	1493061525
13	369	1	1237210313
26	369	1	1387495354
25	369	1	1493061526
13	370	1	1237276049
27	370	1	1469929930
25	370	1	1493061527
13	371	1	1238058420
26	371	1	1387495351
25	371	1	1493061528
13	372	1	1237193077
41	372	1	1293765482
41	372	1	1293765506
41	372	1	1293765532
26	372	1	1387495348
25	372	1	1431009816
33	372	1	1443976662
27	372	1	1469929929
25	372	1	1493061528
13	373	1	1238110062
26	373	1	1387495345
25	373	1	1493061529
13	374	1	1237670039
26	374	1	1387495342
25	374	1	1493061530
13	375	1	1237235084
25	375	1	1493061531
13	376	1	1237264377
26	376	1	1387495339
25	376	1	1493061532
13	377	1	1238058475
26	377	1	1387495335
25	377	1	1493061532
13	378	1	1237257965
26	378	1	1387495332
25	378	1	1493061533
11	379	1	1218650884
13	379	1	1251826202
34	379	1	1323059082
34	379	1	1362628374
35	379	1	1370706240
26	379	1	1387495318
27	379	1	1469929927
27	379	1	1489655647
25	379	1	1493061534
13	380	1	1237264366
26	380	1	1387495297
25	380	1	1493061535
11	381	1	1218650844
33	381	1	1364470155
35	381	1	1370706160
26	381	1	1387495292
25	381	1	1431009810
25	381	1	1493061536
13	384	1	1237257951
26	384	1	1387495278
25	384	1	1493061537
13	386	1	1237455412
26	386	1	1387496427
25	386	1	1431010695
25	386	1	1493061537
13	387	1	1237201770
26	387	1	1387496423
25	387	1	1493061538
13	388	1	1237157318
26	388	1	1387496420
25	388	1	1493061539
13	389	1	1238058497
25	389	1	1493061540
13	390	1	1238312257
26	390	1	1387496415
25	390	1	1493061540
13	391	1	1238058428
25	391	1	1431010687
25	391	1	1493061542
13	394	1	1238080068
26	394	1	1387496406
25	394	1	1493061542
13	395	1	1237452820
26	395	1	1387496403
25	395	1	1431010685
25	395	1	1493061543
13	397	1	1238058421
26	397	1	1387496399
25	397	1	1493061544
13	398	1	1238058638
26	398	1	1387496396
25	398	1	1493061545
13	401	1	1238642134
26	401	1	1387496392
25	401	1	1493061545
13	403	1	1237193073
33	403	1	1364478555
26	403	1	1387496389
25	403	1	1493061546
13	404	1	1237462936
26	404	1	1387496381
25	404	1	1493061547
13	405	1	1238058423
26	405	1	1387496373
25	405	1	1493061548
13	406	1	1237286345
26	406	1	1387496370
25	406	1	1431010681
25	406	1	1493061549
13	407	1	1238058434
26	407	1	1387496369
25	407	1	1431010677
25	407	1	1493061550
13	409	1	1238061102
25	409	1	1493061551
13	410	1	1237235071
26	410	1	1387496363
25	410	1	1493061552
11	411	1	1218650323
34	411	1	1362628134
29	411	1	1363878664
35	411	1	1370708232
25	411	1	1431010673
27	411	1	1475548655
25	411	1	1493061552
13	412	1	1238231980
26	412	1	1387496355
25	412	1	1493061553
25	413	1	1431010660
25	413	1	1493061554
13	414	1	1237169590
26	414	1	1387496352
25	414	1	1493061554
13	416	1	1238125312
26	416	1	1387496344
27	416	1	1469929970
25	416	1	1493061556
13	417	1	1237299655
26	417	1	1387496341
25	417	1	1493061557
13	421	1	1237484203
26	421	1	1387496337
25	421	1	1493061558
13	422	1	1237286337
26	422	1	1387496334
27	422	1	1469929969
25	422	1	1493061559
13	423	1	1237276042
28	423	1	1281952950
25	423	1	1431011260
25	423	1	1493061559
11	424	1	1218650158
13	424	1	1254597296
13	424	1	1254883564
34	424	1	1323059795
34	424	1	1362628054
35	424	1	1370708161
26	424	1	1387496978
25	424	1	1431011254
27	424	1	1475548642
25	424	1	1493061560
11	425	1	1218650096
34	425	1	1362627994
25	425	1	1431011236
25	425	1	1446146231
27	425	1	1475548635
25	425	1	1493061561
11	427	1	1218650047
33	427	1	1364470175
35	427	1	1370708082
25	427	1	1493061561
13	428	1	1237281064
26	428	1	1387496947
25	428	1	1493061563
27	523	1	1469929647
25	523	1	1493061411
25	537	1	1424255608
25	537	1	1466594938
25	537	1	1499069798
27	539	1	1486980286
25	539	1	1493061530
13	589	1	1238058588
28	589	1	1281953108
13	589	1	1283660778
25	589	1	1431009844
25	589	1	1493061523
26	601	1	1387491810
27	601	1	1475549436
25	601	1	1493061460
42	603	1	1187569328
43	604	1	1188373664
43	604	1	1188373677
44	605	1	1190313255
45	606	1	1183553815
45	606	1	1185959361
44	606	1	1190600972
44	606	1	1190600983
29	607	1	1191244170
29	607	1	1191279632
29	607	1	1205399414
46	608	1	1290554287
47	608	1	1290600495
25	608	1	1493061257
44	609	1	1192711600
44	609	1	1192711612
11	610	1	1217158056
11	610	1	1232478359
13	610	1	1235130442
13	610	1	1238656507
13	610	1	1240780945
13	610	1	1244547592
48	610	1	1256529157
13	610	1	1256569982
13	610	1	1265753667
13	610	1	1270751377
13	610	1	1275093979
13	610	1	1277063313
13	610	1	1277890860
13	610	1	1278496393
13	610	1	1282439947
26	610	1	1292223908
26	610	1	1298054736
26	610	1	1308620062
25	610	1	1319190108
34	610	1	1321394276
49	610	1	1338072057
35	610	1	1340064927
35	610	1	1342499874
50	610	1	1343683940
51	610	1	1354594557
35	610	1	1358590015
35	610	1	1376390425
26	610	1	1386889666
25	610	1	1408897361
35	610	1	1419948913
35	610	1	1438817949
35	610	1	1449079747
25	610	1	1463986531
27	610	1	1469929442
52	610	1	1472513142
27	610	1	1475564644
27	610	1	1482583096
25	610	1	1493061245
53	611	1	1195029489
53	611	1	1217593783
43	612	1	1196758760
54	613	1	1198287826
48	613	1	1356415863
55	614	1	1200958016
25	615	1	1349096331
29	615	1	1359117211
25	615	1	1374831462
25	615	1	1374835861
25	615	1	1407756101
25	615	1	1415102079
56	615	1	1418716657
25	615	1	1418731025
25	615	1	1419352098
25	615	1	1419545132
25	615	1	1419679507
25	615	1	1419805801
25	615	1	1420219778
25	615	1	1421702981
25	615	1	1422015610
25	615	1	1424258197
25	615	1	1424282701
25	615	1	1424785516
25	615	1	1425333300
25	615	1	1426236052
25	615	1	1432546026
25	615	1	1439966745
25	615	1	1466596256
25	615	1	1476104120
25	615	1	1477042532
25	615	1	1499069797
57	616	1	1204916575
57	617	1	1204916580
58	618	1	1206546501
59	618	1	1314729097
60	618	1	1338935822
58	619	1	1206547434
59	619	1	1314729097
60	619	1	1338935820
60	619	1	1338936946
60	620	1	1206572792
61	620	1	1218629691
62	620	1	1314828186
60	621	1	1206572798
61	621	1	1218629691
60	621	1	1338916939
60	621	1	1338918061
60	622	1	1206572800
61	622	1	1218629691
63	623	1	1206612497
64	624	1	1212217178
65	625	1	1212377005
66	626	1	1213748560
66	626	1	1213816334
66	626	1	1250589806
66	626	1	1293373335
66	626	1	1336428089
66	626	1	1372518852
66	627	1	1214157932
11	628	1	1214168119
11	629	1	1214168176
12	630	1	1214168400
67	630	1	1217367422
12	630	1	1217367506
12	631	1	1214168429
12	631	1	1214232792
20	631	1	1236212945
20	631	1	1236213137
20	631	1	1236213160
31	631	1	1236218994
20	631	1	1238991994
20	631	1	1238992032
68	631	1	1351958520
69	631	1	1412720209
70	631	1	1415986577
25	631	1	1448313786
12	632	1	1216679505
12	632	1	1217347765
61	633	1	1218629691
61	634	1	1218629691
61	635	1	1218629691
21	635	1	1266043673
62	635	1	1314828196
29	636	1	1221036381
71	637	1	1223028246
20	638	1	1225176740
20	639	1	1225350762
72	640	1	1225380847
72	641	1	1225383697
72	642	1	1225391056
72	643	1	1225391553
72	643	1	1226323785
20	644	1	1225416998
20	645	1	1225438035
72	646	1	1225444511
72	647	1	1225444834
72	648	1	1225466086
72	648	1	1225577586
72	648	1	1225593106
72	648	1	1225603735
72	648	1	1225663029
72	648	1	1225686215
72	648	1	1225736754
72	648	1	1225779993
72	648	1	1225844995
72	648	1	1225866889
72	648	1	1226019073
72	648	1	1226384703
72	648	1	1226505293
72	648	1	1227109597
72	648	1	1227883384
72	648	1	1229419639
72	648	1	1230238536
72	648	1	1230245130
72	648	1	1230773714
72	648	1	1231595002
72	648	1	1232074426
72	648	1	1232479227
72	648	1	1232486745
72	648	1	1233062264
72	648	1	1233104496
72	648	1	1233129528
72	648	1	1233216082
72	648	1	1233560375
72	648	1	1234457025
72	648	1	1234956348
72	648	1	1235331936
72	648	1	1235500908
72	648	1	1236131673
72	648	1	1237343375
72	648	1	1238050795
72	648	1	1238077297
72	648	1	1238723471
72	648	1	1240467082
20	649	1	1225533467
20	650	1	1225588252
20	651	1	1225684648
20	652	1	1225775606
20	653	1	1225864970
72	654	1	1225936813
72	654	1	1226295200
72	655	1	1225947860
72	656	1	1225966739
72	656	1	1226314705
72	657	1	1226244056
73	658	1	1226497587
20	659	1	1226548527
20	660	1	1227256926
20	661	1	1227888016
20	662	1	1234153760
20	663	1	1234569166
74	664	1	1234658112
20	664	1	1264916918
13	665	1	1235130432
13	665	1	1237156962
13	665	1	1239289517
13	665	1	1248913792
34	665	1	1322963460
20	666	1	1235278300
20	667	1	1235282135
75	668	1	1235931756
20	668	1	1236212961
75	669	1	1235931843
20	670	1	1236212376
20	670	1	1329614452
31	671	1	1236212803
31	671	1	1236218881
25	671	1	1345618558
20	672	1	1236212945
31	673	1	1236213143
13	673	1	1236227637
13	673	1	1241715146
13	673	1	1244491617
13	673	1	1251009618
13	673	1	1259915890
13	673	1	1266161528
13	673	1	1267716380
13	673	1	1277159423
13	673	1	1278752778
13	673	1	1279469992
13	673	1	1281482607
13	673	1	1284573519
21	673	1	1306761695
26	673	1	1311960552
34	673	1	1324560994
25	673	1	1343723466
35	673	1	1371997047
26	673	1	1387483789
25	673	1	1413196052
52	673	1	1468579016
25	673	1	1493061246
20	674	1	1236213172
31	675	1	1236213206
31	675	1	1236218907
31	676	1	1236213344
31	677	1	1236213392
31	678	1	1236214218
31	679	1	1236214310
31	679	1	1236214341
31	679	1	1236214852
31	679	1	1236214876
31	679	1	1236215687
25	679	1	1431005479
27	679	1	1469929690
31	680	1	1236214828
31	681	1	1236215495
31	681	1	1236245214
26	681	1	1387496345
25	681	1	1431010651
33	681	1	1443950558
25	681	1	1493061555
31	682	1	1236215572
13	682	1	1236228410
13	682	1	1237449974
26	682	1	1238190753
13	682	1	1251482657
13	682	1	1259328642
13	682	1	1266235635
13	682	1	1267638255
13	682	1	1267674760
13	682	1	1267682347
13	682	1	1278796785
13	682	1	1280166527
26	682	1	1292636842
21	682	1	1294266654
76	682	1	1300441179
25	682	1	1316005667
34	682	1	1320153087
34	682	1	1322095422
39	682	1	1322749224
26	682	1	1323920473
49	682	1	1330660023
25	682	1	1332423852
34	682	1	1336244469
35	682	1	1343251316
35	682	1	1376246512
25	682	1	1383825400
25	682	1	1407785029
25	682	1	1410688826
35	682	1	1419205672
35	682	1	1421297374
35	682	1	1440481195
27	682	1	1485340874
35	682	1	1487464634
25	682	1	1493061238
31	683	1	1236215738
31	683	1	1236215763
25	683	1	1334822138
31	684	1	1236215876
13	684	1	1236232618
13	684	1	1237235884
26	684	1	1299836033
26	684	1	1308838207
34	684	1	1323058170
34	684	1	1362626691
35	684	1	1370706920
33	684	1	1443958512
27	684	1	1469929874
25	684	1	1493061512
31	685	1	1236218203
13	685	1	1236229178
27	685	1	1469929934
25	685	1	1493061514
31	686	1	1236218222
13	686	1	1237453791
13	686	1	1241814411
13	686	1	1241869060
13	686	1	1241884481
13	686	1	1241888242
13	686	1	1244569630
13	686	1	1246887609
13	686	1	1248122498
13	686	1	1248246165
13	686	1	1248959125
13	686	1	1250041703
13	686	1	1250886789
13	686	1	1256412007
13	686	1	1256413653
13	686	1	1259251728
13	686	1	1261023743
13	686	1	1261071217
13	686	1	1261338719
13	686	1	1262309301
13	686	1	1263560547
13	686	1	1263823526
13	686	1	1263826314
13	686	1	1263837355
13	686	1	1265218040
13	686	1	1267753432
13	686	1	1268173447
13	686	1	1270229470
13	686	1	1276551355
13	686	1	1277243520
13	686	1	1277696525
13	686	1	1278752118
13	686	1	1280666146
13	686	1	1281678498
13	686	1	1285068782
21	686	1	1290364674
26	686	1	1296199672
76	686	1	1299339189
76	686	1	1299861675
76	686	1	1299880328
34	686	1	1318966459
39	686	1	1322679132
26	686	1	1324693645
34	686	1	1330622917
49	686	1	1332690167
35	686	1	1342564298
35	686	1	1359258926
25	686	1	1361564863
35	686	1	1361833747
35	686	1	1363412514
25	686	1	1410165186
35	686	1	1421155529
25	686	1	1429854895
25	686	1	1432280313
35	686	1	1434106335
52	686	1	1479802139
25	686	1	1493061254
25	687	1	1431010645
25	687	1	1493061556
13	688	1	1236467497
32	688	1	1293706463
39	688	1	1322980523
34	688	1	1323056360
34	688	1	1362625480
35	688	1	1370703036
25	688	1	1431007297
25	688	1	1493061457
13	689	1	1236467943
13	689	1	1251599152
13	689	1	1256390246
13	689	1	1256397757
13	689	1	1277005558
13	689	1	1277703390
13	689	1	1278615381
13	689	1	1278625470
13	689	1	1278632164
13	689	1	1278757295
13	689	1	1283823042
13	689	1	1287495126
26	689	1	1292688518
32	689	1	1295321949
25	689	1	1316424087
34	689	1	1320441537
34	689	1	1322409064
34	689	1	1323049569
34	689	1	1324453398
49	689	1	1330901521
25	689	1	1332490702
35	689	1	1348588333
35	689	1	1353792306
35	689	1	1364888254
35	689	1	1373365738
35	689	1	1376515630
25	689	1	1384857688
33	689	1	1399722387
25	689	1	1407949856
25	689	1	1412854195
35	689	1	1468142042
25	689	1	1493061239
26	690	1	1387493071
25	690	1	1431008133
25	690	1	1493061480
35	691	1	1345672728
35	691	1	1348779407
35	691	1	1370702566
33	691	1	1426919640
25	691	1	1493061483
13	692	1	1236553557
13	692	1	1248959529
13	692	1	1252133487
13	692	1	1252363709
13	692	1	1263755699
13	692	1	1265592342
13	692	1	1268320774
13	692	1	1275040886
13	692	1	1278907488
13	692	1	1281618118
21	692	1	1290463567
21	692	1	1295306030
76	692	1	1300408733
25	692	1	1315914448
39	692	1	1322067463
34	692	1	1322773356
29	692	1	1323106855
34	692	1	1327515603
49	692	1	1330659003
34	692	1	1331218027
49	692	1	1334769868
35	692	1	1354756703
35	692	1	1357504041
48	692	1	1368907715
35	692	1	1374042351
35	692	1	1376153301
25	692	1	1407772107
25	692	1	1432142269
25	692	1	1439296691
35	692	1	1439735569
33	692	1	1440384700
25	692	1	1493061238
13	693	1	1236866842
13	693	1	1242759552
13	693	1	1251526162
13	693	1	1256389883
13	693	1	1259237618
13	693	1	1266209598
13	693	1	1266713496
13	693	1	1277042652
13	693	1	1278757739
13	693	1	1285159945
13	693	1	1287060207
21	693	1	1295218431
76	693	1	1301154864
26	693	1	1304159847
34	693	1	1318961456
25	693	1	1322038899
34	693	1	1323047707
34	693	1	1330134105
25	693	1	1331795668
49	693	1	1333438130
25	693	1	1343802655
35	693	1	1361547967
35	693	1	1376148837
35	693	1	1420292715
25	693	1	1430207242
33	693	1	1440220070
25	693	1	1493061248
72	694	1	1237307113
20	695	1	1237618875
26	696	1	1238095689
26	696	1	1238108463
26	696	1	1265151533
26	696	1	1291846336
26	696	1	1293723410
20	698	1	1238992003
20	699	1	1239509621
20	700	1	1239581468
20	701	1	1239585889
20	702	1	1240010922
20	703	1	1240018877
20	704	1	1240086810
20	705	1	1240090859
47	706	1	1242923804
21	706	1	1291926655
77	707	1	1246039988
59	707	1	1274372122
25	707	1	1334816277
25	707	1	1345407913
78	707	1	1444906792
77	708	1	1246039995
79	708	1	1284204389
77	709	1	1246039999
79	709	1	1284204398
48	710	1	1246448390
48	710	1	1246453741
48	710	1	1246791799
48	710	1	1247991513
48	710	1	1249999216
48	710	1	1251541351
48	710	1	1257111949
48	710	1	1257790821
48	710	1	1258500467
48	710	1	1258755739
48	710	1	1259254060
48	710	1	1259773294
48	710	1	1259953589
48	710	1	1261928429
48	710	1	1272574260
48	710	1	1287910077
48	710	1	1300943522
48	710	1	1305066913
48	710	1	1305136523
48	710	1	1314299805
48	710	1	1317455299
48	710	1	1323107039
48	710	1	1327388701
48	710	1	1327501008
48	710	1	1327508680
48	710	1	1328963494
48	710	1	1334076983
48	710	1	1368064007
48	710	1	1368956154
48	711	1	1246448412
48	711	1	1246452836
48	711	1	1246791459
48	711	1	1247992696
48	711	1	1249998742
48	711	1	1257111457
48	711	1	1257788489
48	711	1	1258499871
48	711	1	1259253671
48	711	1	1263036952
48	711	1	1272570956
48	711	1	1287909628
48	711	1	1299966865
48	711	1	1301000395
48	711	1	1305137955
48	711	1	1314301497
48	711	1	1317751036
48	711	1	1323106156
48	711	1	1327387412
48	711	1	1327499061
48	711	1	1327506534
48	711	1	1328958051
48	711	1	1334074302
48	711	1	1368062212
48	711	1	1368913945
13	712	1	1246476311
13	712	1	1251589024
13	712	1	1263746654
13	712	1	1263831101
13	712	1	1271111348
13	712	1	1272703819
13	712	1	1279810268
13	712	1	1282585228
21	712	1	1290718284
76	712	1	1300102268
25	712	1	1306154150
34	712	1	1319070168
25	712	1	1320845783
34	712	1	1322864387
26	712	1	1333307412
35	712	1	1335325273
35	712	1	1337827922
35	712	1	1339551331
35	712	1	1342473777
25	712	1	1343726328
35	712	1	1376030136
26	712	1	1387375536
33	712	1	1440682914
35	712	1	1464721021
27	712	1	1472984696
25	712	1	1493061248
13	713	1	1246476657
13	713	1	1249097925
48	713	1	1256154749
48	713	1	1258816156
13	713	1	1259538734
13	713	1	1266532652
13	713	1	1268973631
13	713	1	1269305604
13	713	1	1272302783
13	713	1	1280665365
26	713	1	1293358393
29	713	1	1304881553
25	713	1	1313573729
34	713	1	1320371126
39	713	1	1322857205
39	713	1	1324223465
34	713	1	1328275223
34	713	1	1331453699
25	713	1	1340949693
25	713	1	1343287583
26	713	1	1390829770
25	713	1	1406315966
25	713	1	1423937406
25	713	1	1427406089
25	713	1	1429410050
35	713	1	1434883196
25	713	1	1438858719
35	713	1	1440072893
33	713	1	1440315143
35	713	1	1462236334
27	713	1	1469929489
27	713	1	1473043700
27	713	1	1473459496
27	713	1	1474375585
25	713	1	1493061237
13	714	1	1246475695
26	714	1	1327793663
26	714	1	1327807975
35	714	1	1370704608
25	714	1	1431008991
27	714	1	1469929882
25	714	1	1493061496
13	715	1	1246937537
13	715	1	1249960213
13	715	1	1251004548
13	715	1	1255784195
13	715	1	1263255872
13	715	1	1264464135
13	715	1	1267439786
13	715	1	1274012358
13	715	1	1278802335
13	715	1	1285296984
13	715	1	1287569344
21	715	1	1290874149
26	715	1	1304041557
34	715	1	1319179105
34	715	1	1319598492
39	715	1	1322354347
26	715	1	1324404670
25	715	1	1327060326
49	715	1	1336309537
35	715	1	1337943053
35	715	1	1376146876
25	715	1	1409660017
35	715	1	1435018617
33	715	1	1443280396
35	715	1	1449431289
25	715	1	1459503009
25	715	1	1464946793
35	715	1	1467563376
27	715	1	1473231619
25	715	1	1493061252
27	716	1	1469929783
25	716	1	1493061465
13	717	1	1248094866
13	717	1	1251584681
13	717	1	1251625165
13	717	1	1267501951
13	717	1	1268587729
13	717	1	1276133807
13	717	1	1276559430
13	717	1	1278829353
26	717	1	1296660154
39	717	1	1303638665
25	717	1	1318918087
34	717	1	1323048809
25	717	1	1332852310
35	717	1	1353712347
35	717	1	1371969494
35	717	1	1376113398
26	717	1	1387483950
26	717	1	1390340468
25	717	1	1408843591
33	717	1	1427656549
33	717	1	1440680253
25	717	1	1451425251
25	717	1	1463941349
27	717	1	1478061083
25	717	1	1493061244
80	718	1	1248116000
13	719	1	1248433746
13	719	1	1251584705
13	719	1	1251625054
13	719	1	1257644448
13	719	1	1268588445
13	719	1	1276586425
13	719	1	1278829970
13	719	1	1282992638
26	719	1	1296327831
34	719	1	1319170231
39	719	1	1322602512
25	719	1	1326962930
35	719	1	1356282305
35	719	1	1374489517
35	719	1	1376091172
26	719	1	1390004470
25	719	1	1409642728
33	719	1	1440710074
35	719	1	1447482454
25	719	1	1451425227
25	719	1	1464935414
27	719	1	1478061060
25	719	1	1493061251
13	720	1	1248712278
13	720	1	1248959858
13	720	1	1251084996
13	720	1	1251716592
13	720	1	1257078198
13	720	1	1261492441
13	720	1	1265435750
13	720	1	1271795857
13	720	1	1276550906
13	720	1	1278834190
13	720	1	1283018584
21	720	1	1290341756
26	720	1	1301080966
34	720	1	1319169376
49	720	1	1321233166
39	720	1	1322602450
25	720	1	1326963828
26	720	1	1334996986
25	720	1	1343752627
35	720	1	1362216527
35	720	1	1365083100
35	720	1	1375950909
35	720	1	1376099102
25	720	1	1409642243
35	720	1	1422004096
25	720	1	1432266704
25	720	1	1432720570
25	720	1	1438275301
33	720	1	1440344440
25	720	1	1451480359
25	720	1	1459488314
25	720	1	1464935211
25	720	1	1466718875
35	720	1	1484645406
25	720	1	1493061252
13	721	1	1248712019
13	721	1	1261427408
13	721	1	1272942480
34	721	1	1323054568
35	721	1	1342289294
35	721	1	1374722140
26	721	1	1387488256
33	721	1	1404310762
25	721	1	1431005503
27	721	1	1477440033
25	721	1	1493061415
13	722	1	1249054589
13	722	1	1250709647
13	722	1	1250981927
13	722	1	1257105901
13	722	1	1258102497
13	722	1	1265407520
13	722	1	1266438596
13	722	1	1275476955
13	722	1	1276545373
13	722	1	1278834790
21	722	1	1290292159
76	722	1	1297650825
76	722	1	1300041471
39	722	1	1311495130
34	722	1	1319104923
39	722	1	1322197571
49	722	1	1332318825
26	722	1	1334984309
25	722	1	1343801174
35	722	1	1345416683
35	722	1	1363390371
35	722	1	1373440075
35	722	1	1376287729
26	722	1	1386704358
25	722	1	1409254096
25	722	1	1427536720
25	722	1	1432224237
25	722	1	1432697433
25	722	1	1439311062
35	722	1	1439818500
35	722	1	1441062027
25	722	1	1451480247
25	722	1	1458578262
25	722	1	1464324624
35	722	1	1465732046
35	722	1	1484608050
25	722	1	1493061249
13	723	1	1249425278
13	723	1	1251538127
13	723	1	1255917790
13	723	1	1256393074
13	723	1	1259602189
13	723	1	1263404205
13	723	1	1264059716
13	723	1	1264490417
13	723	1	1268969854
13	723	1	1274803676
13	723	1	1278873488
13	723	1	1279968401
26	723	1	1298325172
34	723	1	1323797533
34	723	1	1330057903
35	723	1	1340466084
35	723	1	1342484949
25	723	1	1343292449
35	723	1	1350774823
35	723	1	1364632182
35	723	1	1367485576
35	723	1	1376425919
26	723	1	1388186638
35	723	1	1419663163
25	723	1	1427011850
33	723	1	1440239828
35	723	1	1452312492
25	723	1	1463883206
25	723	1	1493061241
13	724	1	1250711742
13	724	1	1266299773
26	724	1	1387485113
25	724	1	1493061392
20	725	1	1251841644
20	726	1	1252738412
20	727	1	1252747037
20	728	1	1252818557
81	729	1	1256708064
82	730	1	1256853826
21	731	1	1258044246
21	731	1	1291925967
83	732	1	1259170160
84	733	1	1260073467
13	734	1	1261313546
13	734	1	1272130681
13	734	1	1273852068
13	734	1	1276678699
13	734	1	1277938887
13	734	1	1279235398
13	734	1	1285187871
26	734	1	1304008661
34	734	1	1319151400
39	734	1	1322530656
25	734	1	1325771334
34	734	1	1330189616
34	734	1	1330481806
49	734	1	1336761710
35	734	1	1337912933
35	734	1	1363361985
35	734	1	1373545146
25	734	1	1383925008
33	734	1	1407762712
35	734	1	1420811255
35	734	1	1449372450
25	734	1	1458883321
27	734	1	1473003348
52	734	1	1488495021
25	734	1	1493061250
13	736	1	1262637181
13	736	1	1265333646
13	736	1	1274225320
13	736	1	1275113934
13	736	1	1278797497
13	736	1	1284577722
26	736	1	1300773974
34	736	1	1319049055
34	736	1	1321437662
35	736	1	1335304731
35	736	1	1338958058
50	736	1	1343723711
35	736	1	1345770155
35	736	1	1358663966
35	736	1	1364062830
35	736	1	1376528322
26	736	1	1386781540
25	736	1	1408917989
25	736	1	1411251985
25	736	1	1414187494
35	736	1	1419977237
25	736	1	1427488124
35	736	1	1438026618
35	736	1	1439045954
35	736	1	1439744655
25	736	1	1458295557
35	736	1	1464661014
27	736	1	1477210772
52	736	1	1482602082
25	736	1	1493061246
13	737	1	1262636974
13	737	1	1264575939
13	737	1	1265895779
13	737	1	1266296643
13	737	1	1277802199
13	737	1	1278042759
13	737	1	1280955674
13	737	1	1285557047
26	737	1	1291761563
26	737	1	1292637003
25	737	1	1313395473
26	737	1	1321385776
34	737	1	1323051371
39	737	1	1326159144
34	737	1	1331393516
25	737	1	1343288479
25	737	1	1423914688
25	737	1	1429380807
25	737	1	1430990669
35	737	1	1440025540
35	737	1	1462199432
25	737	1	1466540427
25	737	1	1468655186
25	737	1	1493061235
20	738	1	1264238607
20	739	1	1264293127
20	740	1	1264390586
63	741	1	1264403085
20	742	1	1264468701
20	743	1	1264474404
20	744	1	1264553266
20	745	1	1264722616
20	746	1	1264733367
20	747	1	1264920123
20	748	1	1264922651
20	749	1	1264924282
13	750	1	1265473904
13	750	1	1265895053
13	750	1	1266275301
13	750	1	1266296081
13	750	1	1271094953
13	750	1	1279416257
13	750	1	1280428739
13	750	1	1282098775
13	750	1	1285550514
13	750	1	1287203787
26	750	1	1304210154
25	750	1	1313478702
34	750	1	1321650538
39	750	1	1326160205
34	750	1	1331412005
25	750	1	1334822126
25	750	1	1343288217
34	750	1	1352352426
25	750	1	1374955398
25	750	1	1406226239
25	750	1	1423925537
25	750	1	1427397106
35	750	1	1440046075
25	750	1	1466542486
25	750	1	1468669400
25	750	1	1493061236
26	751	1	1387496953
25	751	1	1493061562
20	752	1	1266707482
20	752	1	1379474508
20	753	1	1266718491
13	754	1	1267177971
13	754	1	1267299996
13	754	1	1277774617
13	754	1	1279416128
13	754	1	1280790150
13	754	1	1281277161
13	754	1	1285550013
13	754	1	1287203849
26	754	1	1304215798
25	754	1	1313748573
39	754	1	1326164505
34	754	1	1331523092
25	754	1	1343286331
25	754	1	1375034615
25	754	1	1406485270
25	754	1	1424008802
25	754	1	1427399585
35	754	1	1440104001
35	754	1	1446190290
25	754	1	1466548567
25	754	1	1468723444
25	754	1	1493061237
85	755	1	1268602019
22	756	1	1268922608
86	757	1	1269865834
87	758	1	1269919223
88	759	1	1270217043
88	759	1	1379266546
88	760	1	1270404790
88	760	1	1379266548
88	761	1	1270565015
88	761	1	1379266556
13	762	1	1270954158
13	762	1	1271870086
13	762	1	1276187404
13	762	1	1276345354
13	762	1	1279415943
13	762	1	1281279127
13	762	1	1283101395
13	762	1	1285548146
13	762	1	1287306678
25	762	1	1312198061
34	762	1	1318953896
39	762	1	1325113087
34	762	1	1328097757
34	762	1	1330395422
25	762	1	1343289306
34	762	1	1358530130
25	762	1	1374775109
25	762	1	1405703975
25	762	1	1423678159
25	762	1	1427386740
25	762	1	1429357015
35	762	1	1440001924
35	762	1	1462181175
25	762	1	1493061234
20	763	1	1271128041
89	764	1	1271884260
89	765	1	1271884267
26	766	1	1387494240
25	766	1	1493061494
13	767	1	1272673623
13	767	1	1278805699
13	767	1	1280311007
13	767	1	1280849600
13	767	1	1281838828
13	767	1	1282945784
21	767	1	1290983614
39	767	1	1303796447
25	767	1	1318498368
34	767	1	1321106915
34	767	1	1322811435
39	767	1	1326325711
34	767	1	1331222778
25	767	1	1331794507
49	767	1	1333291180
49	767	1	1333526236
35	767	1	1342523218
25	767	1	1343307474
35	767	1	1354842457
35	767	1	1376767611
26	767	1	1386625505
25	767	1	1408810430
35	767	1	1419740540
25	767	1	1429758296
35	767	1	1439743205
35	767	1	1440695808
25	767	1	1458206037
25	767	1	1493061242
40	768	1	1273327414
13	768	1	1273374894
35	768	1	1345673960
35	768	1	1348780418
34	768	1	1362626561
35	768	1	1370706820
25	768	1	1493061515
13	769	1	1273671223
13	769	1	1275704526
13	769	1	1281949486
25	769	1	1318988768
34	769	1	1322830893
25	769	1	1332925511
50	769	1	1343603187
35	769	1	1353719231
51	769	1	1354587510
35	769	1	1369518717
35	769	1	1369926978
35	769	1	1376104767
26	769	1	1387483867
25	769	1	1408870683
25	769	1	1410405160
35	769	1	1419866440
25	769	1	1427484880
25	769	1	1466637364
52	769	1	1486568619
25	769	1	1493061244
13	770	1	1273670751
13	770	1	1273739450
13	770	1	1275858027
13	770	1	1280005424
76	770	1	1299516081
39	770	1	1305409016
25	770	1	1313412592
34	770	1	1328220709
25	770	1	1406150292
25	770	1	1412582822
25	770	1	1431002164
35	770	1	1444062673
25	770	1	1457004999
25	770	1	1463137507
35	770	1	1467806927
25	770	1	1493061235
90	771	1	1273739699
27	772	1	1469929881
25	772	1	1493061498
59	773	1	1274372290
59	773	1	1316861706
59	774	1	1274372410
13	775	1	1275182547
13	775	1	1278033352
26	775	1	1278779350
13	775	1	1278817127
13	775	1	1278949302
13	775	1	1282227760
13	775	1	1283483833
13	775	1	1284575650
13	775	1	1285167695
13	775	1	1287075061
76	775	1	1300947560
34	775	1	1319049837
34	775	1	1321435245
39	775	1	1326263640
49	775	1	1330730715
49	775	1	1332287893
35	775	1	1337570419
35	775	1	1343267200
25	775	1	1351157370
34	775	1	1361873050
35	775	1	1365246273
48	775	1	1368935917
35	775	1	1373336164
35	775	1	1376530959
25	775	1	1408915080
35	775	1	1437365726
25	775	1	1443214150
25	775	1	1493061245
13	776	1	1275176806
13	776	1	1278798749
13	776	1	1281824173
13	776	1	1283564206
26	776	1	1304101381
25	776	1	1317984925
34	776	1	1320956850
49	776	1	1322838062
34	776	1	1332192003
25	776	1	1332769437
49	776	1	1333851642
25	776	1	1343292776
35	776	1	1355602168
25	776	1	1360184203
35	776	1	1376427554
26	776	1	1387321123
33	776	1	1402538542
25	776	1	1408776091
25	776	1	1427012547
35	776	1	1438852415
25	776	1	1457472176
25	776	1	1463883654
35	776	1	1464537741
25	776	1	1493061241
13	777	1	1275175082
13	777	1	1284590561
13	777	1	1284920605
32	777	1	1293121801
35	777	1	1357275589
35	777	1	1358677412
26	777	1	1387483716
25	777	1	1408925347
25	777	1	1410718079
25	777	1	1413197831
25	777	1	1441948141
52	777	1	1468579729
52	777	1	1488201048
25	777	1	1493061247
13	778	1	1275702593
13	778	1	1285071624
26	778	1	1296767505
26	778	1	1299202904
21	778	1	1299415668
26	778	1	1307076742
25	778	1	1317890264
34	778	1	1322803443
25	778	1	1332761108
35	778	1	1338472491
25	778	1	1343282859
35	778	1	1348961461
35	778	1	1350613783
35	778	1	1376332569
26	778	1	1387484043
33	778	1	1394466157
25	778	1	1408757325
35	778	1	1438357755
35	778	1	1464531754
52	778	1	1481737537
25	778	1	1493061240
25	779	1	1493061270
25	780	1	1493061264
91	783	1	1276237122
13	784	1	1276587022
13	784	1	1278651890
13	784	1	1278756884
26	784	1	1278776893
13	784	1	1279223890
13	784	1	1279581612
21	784	1	1290655253
21	784	1	1291251331
26	784	1	1304076294
39	784	1	1314115613
49	784	1	1320534065
39	784	1	1326240608
34	784	1	1328121034
49	784	1	1333850772
35	784	1	1343264131
35	784	1	1345181046
25	784	1	1347617568
48	784	1	1368923233
26	784	1	1390170838
25	784	1	1408746932
35	784	1	1419619880
25	784	1	1426881215
25	784	1	1429713096
35	784	1	1438335156
35	784	1	1448867976
25	784	1	1463656763
27	784	1	1485340979
25	784	1	1493061240
13	785	1	1276542082
26	785	1	1321582091
29	785	1	1344501036
34	785	1	1362626621
35	785	1	1370706860
25	785	1	1431009863
33	785	1	1443902616
27	785	1	1469929935
27	785	1	1489655508
25	785	1	1493061513
13	786	1	1276560434
39	786	1	1322712338
34	786	1	1362627032
33	786	1	1443892505
27	786	1	1469929879
27	786	1	1476352501
25	786	1	1493061501
20	787	1	1277048092
20	788	1	1277067107
20	789	1	1277159845
20	790	1	1277168846
20	791	1	1277179758
20	792	1	1277181216
20	793	1	1277248230
20	794	1	1277579840
20	794	1	1289088354
92	794	1	1308763703
92	794	1	1309107278
92	794	1	1322678683
92	794	1	1356646439
92	794	1	1356697295
93	795	1	1277855532
56	795	1	1424248654
25	795	1	1424257975
25	795	1	1446634998
25	795	1	1447836430
25	795	1	1499069793
28	796	1	1278757929
13	796	1	1278906319
13	796	1	1283091639
13	796	1	1283735721
21	796	1	1295215997
76	796	1	1300471366
39	796	1	1303933959
34	796	1	1318975975
49	796	1	1322083541
39	796	1	1322753647
34	796	1	1322944625
34	796	1	1331812919
35	796	1	1336473519
35	796	1	1343191135
35	796	1	1350582603
34	796	1	1360492099
25	796	1	1361300115
25	796	1	1368991367
35	796	1	1373556758
35	796	1	1375228156
25	796	1	1384005274
25	796	1	1397330917
25	796	1	1409582895
35	796	1	1420884096
25	796	1	1430483108
25	796	1	1439319186
52	796	1	1483736347
25	796	1	1493061251
28	797	1	1280104483
26	797	1	1387492959
25	797	1	1493061492
28	798	1	1280104580
13	798	1	1280174446
13	798	1	1280325432
26	798	1	1304184352
29	798	1	1304708356
25	798	1	1318828903
34	798	1	1321161736
39	798	1	1321842495
34	798	1	1332232275
25	798	1	1343638556
35	798	1	1352109146
35	798	1	1368392729
35	798	1	1376057289
35	798	1	1377052155
25	798	1	1408829916
35	798	1	1419784022
25	798	1	1458223381
25	798	1	1493061243
28	799	1	1280104607
13	799	1	1280172898
33	799	1	1364460395
35	799	1	1370708292
25	799	1	1448307773
27	799	1	1475548665
25	799	1	1493061548
20	800	1	1280796729
20	801	1	1280800671
94	803	1	1280960886
94	803	1	1281006807
94	804	1	1281097873
20	805	1	1281150299
20	806	1	1281154198
20	807	1	1281155759
20	808	1	1281159157
94	809	1	1281183522
20	809	1	1289146300
92	809	1	1308800492
92	809	1	1309111032
92	809	1	1356646436
20	810	1	1281233546
20	811	1	1281235291
94	812	1	1281259111
95	813	1	1281990369
95	814	1	1281990379
96	815	1	1282089873
97	815	1	1422983246
96	816	1	1282089884
97	816	1	1422983247
28	817	1	1282690397
20	818	1	1283021508
20	819	1	1283394158
98	820	1	1283396368
98	820	1	1284617875
99	820	1	1408317633
98	821	1	1283410934
9	822	1	1285024368
98	823	1	1285795621
98	824	1	1287791452
20	825	1	1289160950
20	826	1	1289173854
41	827	1	1289284134
41	828	1	1289284174
98	829	1	1289956149
98	829	1	1291480720
98	829	1	1295309567
100	829	1	1327094345
101	829	1	1337665295
101	829	1	1342549212
101	829	1	1349131781
101	829	1	1360201081
102	830	1	1290879863
102	830	1	1290881116
102	830	1	1291139735
102	830	1	1296209262
102	830	1	1296212841
102	830	1	1296488914
48	830	1	1301002022
28	831	1	1292798221
26	831	1	1311426424
25	831	1	1431008971
25	831	1	1493061497
28	832	1	1292798330
28	832	1	1292798399
26	832	1	1293470960
26	832	1	1304068616
34	832	1	1322761627
34	832	1	1330579393
49	832	1	1333015087
25	832	1	1343290668
34	832	1	1343890391
25	832	1	1345477669
35	832	1	1350284446
35	832	1	1360610482
35	832	1	1361972825
35	832	1	1372179128
35	832	1	1375895099
35	832	1	1376240577
35	832	1	1440264421
27	832	1	1469929469
27	832	1	1473012269
27	832	1	1483423285
25	832	1	1493061237
28	833	1	1292798427
34	833	1	1323057224
25	833	1	1431008973
25	833	1	1493061496
95	834	1	1293737044
41	835	1	1293765291
103	836	1	1294092548
104	837	1	1294490786
104	837	1	1294491797
26	837	1	1296597448
76	837	1	1300657527
26	837	1	1312387531
39	837	1	1314472548
29	837	1	1320615315
34	837	1	1323049159
25	837	1	1343637978
35	837	1	1371959964
35	837	1	1376062828
33	837	1	1391969333
25	837	1	1408831630
25	837	1	1429785291
25	837	1	1433088325
27	837	1	1475106635
25	837	1	1493061243
28	838	1	1295702771
26	838	1	1296436300
25	838	1	1306400736
34	838	1	1319181124
49	838	1	1321050293
39	838	1	1322617094
25	838	1	1327326029
35	838	1	1356299479
35	838	1	1374840930
35	838	1	1376185625
26	838	1	1390047990
25	838	1	1409677548
35	838	1	1434097998
25	838	1	1438295847
33	838	1	1440726872
25	838	1	1451425192
25	838	1	1459516739
25	838	1	1464961011
52	838	1	1471122193
27	838	1	1478061028
25	838	1	1493061253
28	839	1	1295703148
34	839	1	1323046175
26	839	1	1387485179
25	839	1	1493061263
39	840	1	1296205170
20	841	1	1296443447
20	841	1	1333239079
105	841	1	1390293965
106	842	1	1296560872
106	842	1	1388776946
20	843	1	1296618044
76	844	1	1296649413
20	845	1	1296784889
107	846	1	1297885997
107	846	1	1331646670
107	846	1	1401157702
107	846	1	1423193091
20	847	1	1298436376
20	848	1	1301870666
98	849	1	1302758186
20	850	1	1302978873
95	850	1	1331480332
20	851	1	1302983264
20	852	1	1302995112
20	853	1	1303351944
20	854	1	1305157786
20	854	1	1333912744
98	855	1	1306449986
98	856	1	1306522166
108	857	1	1306558664
108	857	1	1314548727
109	858	1	1307398032
110	858	1	1332358574
28	859	1	1307973520
26	859	1	1308547193
34	859	1	1319180594
49	859	1	1321047366
39	859	1	1322617032
26	859	1	1334998866
25	859	1	1343652379
35	859	1	1365094165
35	859	1	1374012292
35	859	1	1374840430
35	859	1	1375992847
35	859	1	1376187809
25	859	1	1409677273
35	859	1	1422030028
25	859	1	1432271405
25	859	1	1432723383
33	859	1	1440320887
25	859	1	1451480315
25	859	1	1459516400
35	859	1	1484649156
52	859	1	1490077690
25	859	1	1493061253
28	860	1	1307973553
34	860	1	1323046185
35	860	1	1342289334
35	860	1	1374722190
26	860	1	1387483596
33	860	1	1404314780
25	860	1	1431002060
35	860	1	1436611595
27	860	1	1477439741
25	860	1	1493061255
92	861	1	1308810365
92	861	1	1308814616
92	862	1	1308814593
111	863	1	1309524115
111	864	1	1309534170
92	865	1	1309540503
92	866	1	1309542598
20	867	1	1309571267
20	868	1	1309579831
20	869	1	1309583839
20	870	1	1309623848
20	871	1	1309632787
112	872	1	1313799481
113	873	1	1313857443
20	874	1	1314242846
20	874	1	1422213541
59	875	1	1314729097
59	876	1	1314729097
20	877	1	1315768655
20	878	1	1315773169
104	879	1	1316709766
110	880	1	1318456319
114	881	1	1318951155
114	882	1	1318952474
114	883	1	1318952508
20	884	1	1318984340
98	885	1	1319842704
98	885	1	1429212128
115	886	1	1319997639
116	886	1	1497570504
117	887	1	1320841687
117	888	1	1320841761
118	889	1	1321040260
118	890	1	1321204877
118	891	1	1321204878
118	891	1	1321205126
119	892	1	1321635514
119	892	1	1349214162
20	893	1	1321748305
20	894	1	1321763838
20	895	1	1321849155
20	896	1	1321920179
20	897	1	1321923804
20	897	1	1322093833
20	898	1	1321927987
20	898	1	1322095495
92	899	1	1322001010
25	899	1	1334815868
25	899	1	1345408151
20	900	1	1322097490
20	901	1	1322098714
20	902	1	1322099981
20	903	1	1323016784
20	904	1	1323047173
20	905	1	1323050794
110	906	1	1325968934
20	907	1	1326050041
98	908	1	1326330321
110	909	1	1328132130
20	910	1	1329081488
20	911	1	1329096515
95	912	1	1329314135
95	912	1	1329327094
120	913	1	1329537589
20	913	1	1344220287
20	913	1	1344227705
95	914	1	1329729220
110	915	1	1329747342
110	916	1	1329761333
92	917	1	1329834196
92	918	1	1329838568
92	918	1	1356638395
121	919	1	1330233745
20	919	1	1346640187
95	920	1	1330671020
95	921	1	1330705390
20	922	1	1332041383
20	923	1	1333244825
20	924	1	1333420207
20	925	1	1333501039
20	925	1	1333583198
20	926	1	1333588119
20	927	1	1333906103
20	928	1	1333908201
110	929	1	1334114891
20	930	1	1334510721
85	931	1	1335652254
20	932	1	1336324285
20	933	1	1336328171
122	934	1	1337823048
110	935	1	1338322746
123	936	1	1338443160
123	936	1	1342493210
20	937	1	1338650598
20	938	1	1338656746
20	939	1	1338661523
20	940	1	1339380426
20	941	1	1339993872
56	942	1	1340568459
25	942	1	1340608202
25	943	1	1340604479
25	943	1	1340609032
25	943	1	1340709000
25	943	1	1416954549
110	944	1	1340668750
20	945	1	1341260180
20	945	1	1344111169
124	946	1	1344084504
20	947	1	1344112609
20	948	1	1344380865
125	949	1	1346363228
125	950	1	1346434626
49	950	1	1347174085
49	951	1	1346448826
20	952	1	1346628723
20	953	1	1346633936
20	954	1	1346638268
69	955	1	1348936121
95	956	1	1351193104
95	957	1	1351241305
95	958	1	1351250739
95	959	1	1351250748
68	960	1	1351958518
20	961	1	1355092725
20	962	1	1355113765
126	963	1	1355256773
127	964	1	1355727866
128	964	1	1491314631
110	965	1	1359583584
110	966	1	1359583668
126	967	1	1359912523
20	968	1	1360031987
129	968	1	1417132143
129	968	1	1487253283
20	969	1	1360036202
119	970	1	1360565221
20	971	1	1361151100
20	972	1	1361156503
110	973	1	1364095210
20	974	1	1364143667
20	975	1	1364147598
20	976	1	1364174098
20	977	1	1364175884
130	977	1	1451502365
131	978	1	1366113993
110	979	1	1367177097
132	980	1	1367357123
130	980	1	1451505781
133	981	1	1369584475
133	981	1	1380477899
20	981	1	1381707645
133	981	1	1384699327
133	981	1	1408421346
20	982	1	1370218844
134	983	1	1371838230
20	984	1	1372734900
20	985	1	1372821918
135	986	1	1375529514
136	987	1	1376685265
136	988	1	1377992272
88	989	1	1379265437
88	990	1	1379265437
20	991	1	1379283819
20	992	1	1379303530
130	992	1	1451505781
20	993	1	1379465028
20	994	1	1379468587
20	995	1	1379561835
20	996	1	1379563325
20	997	1	1379564655
20	998	1	1379898392
20	999	1	1379899909
20	1000	1	1380160646
20	1001	1	1380164824
20	1002	1	1380396929
20	1003	1	1380398286
20	1004	1	1380401858
137	1004	1	1385796649
137	1004	1	1388052778
137	1004	1	1391248844
20	1004	1	1408628357
138	1004	1	1411917890
139	1004	1	1411919487
20	1004	1	1413775207
20	1004	1	1438466806
20	1005	1	1380408388
137	1005	1	1385474690
137	1005	1	1386743292
137	1005	1	1391655983
137	1005	1	1393935750
138	1005	1	1411917891
139	1005	1	1411919487
20	1005	1	1414903184
20	1006	1	1381684929
20	1007	1	1381702424
133	1007	1	1382879167
133	1007	1	1382932935
133	1008	1	1382862038
140	1009	1	1382905885
141	1010	1	1383039280
142	1011	1	1383338894
143	1012	1	1384699194
144	1013	1	1384784683
145	1014	1	1384786544
146	1015	1	1385384061
147	1016	1	1386264906
25	1016	1	1407847171
25	1016	1	1415103176
25	1016	1	1417516862
25	1016	1	1421053880
25	1016	1	1421446955
25	1016	1	1422860261
25	1016	1	1424258171
25	1016	1	1425767663
25	1016	1	1426236040
25	1016	1	1427971544
25	1016	1	1428421250
25	1016	1	1432933065
25	1016	1	1435733042
25	1016	1	1437484183
25	1016	1	1446155052
25	1016	1	1466596227
25	1016	1	1476178535
25	1016	1	1499069792
148	1017	1	1387293624
149	1018	1	1388839268
149	1018	1	1424689865
20	1019	1	1390176173
150	1019	1	1487203724
20	1020	1	1390255104
20	1021	1	1390266258
151	1022	1	1390300311
152	1023	1	1392385636
20	1024	1	1393564685
20	1025	1	1393571870
145	1026	1	1394757299
153	1027	1	1395185781
153	1027	1	1395428024
153	1027	1	1396579068
154	1028	1	1396563132
155	1029	1	1396597248
70	1030	1	1400531909
99	1031	1	1408317633
20	1032	1	1408642518
156	1032	1	1461691393
20	1033	1	1409110976
20	1034	1	1410626299
157	1034	1	1447384223
20	1035	1	1410712358
20	1036	1	1411006758
157	1036	1	1447384224
138	1037	1	1411917890
60	1037	1	1415714084
138	1038	1	1411917891
60	1038	1	1415714102
139	1039	1	1411919487
139	1040	1	1411919487
158	1041	1	1413472500
158	1041	1	1447338791
158	1041	1	1447617375
158	1042	1	1413472517
20	1043	1	1416718526
97	1043	1	1472040613
97	1043	1	1472138878
20	1044	1	1416725020
97	1044	1	1472040613
97	1044	1	1472138878
129	1045	1	1417132142
129	1046	1	1417132143
20	1047	1	1417326779
159	1048	1	1418651012
20	1049	1	1421020784
20	1050	1	1421113996
20	1051	1	1421117932
20	1052	1	1421121869
20	1052	1	1423376380
122	1052	1	1424432109
97	1053	1	1422983247
97	1054	1	1422983247
20	1055	1	1423371893
20	1056	1	1423378537
122	1056	1	1424432109
20	1057	1	1423709683
20	1058	1	1423942469
160	1059	1	1424202033
56	1060	1	1424249167
56	1061	1	1424249204
25	1061	1	1424332287
25	1061	1	1427535148
25	1061	1	1430302744
25	1061	1	1431702186
35	1061	1	1435119873
33	1061	1	1439803226
33	1061	1	1443910836
25	1061	1	1447455590
52	1061	1	1488395802
25	1061	1	1493061249
56	1062	1	1424249240
25	1062	1	1424254902
25	1062	1	1424282143
25	1062	1	1424785414
25	1062	1	1425332860
25	1062	1	1425582257
25	1062	1	1426152860
25	1062	1	1427719138
25	1062	1	1428396754
25	1062	1	1429093589
25	1062	1	1432567808
25	1062	1	1434969005
25	1062	1	1437641891
25	1062	1	1439814797
25	1062	1	1442496696
25	1062	1	1452873068
25	1062	1	1466596163
161	1062	1	1498446796
56	1063	1	1424249255
25	1063	1	1424257957
25	1063	1	1425767829
25	1063	1	1426235974
25	1063	1	1429091744
25	1063	1	1432567801
25	1063	1	1442820259
25	1063	1	1446154989
25	1063	1	1466595993
25	1063	1	1499069790
56	1064	1	1424250206
25	1064	1	1426104556
35	1064	1	1438704032
35	1064	1	1440540864
25	1064	1	1447100299
25	1064	1	1463570060
25	1064	1	1493061239
56	1065	1	1424250229
25	1065	1	1424258147
25	1065	1	1425141373
25	1065	1	1425333036
25	1065	1	1426236019
25	1065	1	1429707205
25	1065	1	1442496825
25	1065	1	1448613915
25	1065	1	1468226786
25	1065	1	1470050923
25	1065	1	1476103441
25	1065	1	1499069800
20	1066	1	1424394727
97	1066	1	1438202272
122	1067	1	1424432109
122	1068	1	1424432109
30	1069	1	1424583899
30	1070	1	1424583904
30	1071	1	1424583914
25	1071	1	1431002106
35	1071	1	1434883210
35	1071	1	1451968170
27	1071	1	1469929510
27	1071	1	1473045922
27	1071	1	1483020108
25	1071	1	1493061236
30	1072	1	1424583917
25	1072	1	1431002074
27	1072	1	1483020117
25	1072	1	1493061255
20	1073	1	1424584424
97	1073	1	1438202027
20	1074	1	1424586494
60	1074	1	1438218836
162	1075	1	1425847528
56	1076	1	1426165407
25	1076	1	1426166129
25	1076	1	1426511034
25	1076	1	1426596056
25	1076	1	1426680991
25	1076	1	1426865611
25	1076	1	1427145257
25	1076	1	1427389668
25	1076	1	1427795944
25	1076	1	1427923518
25	1076	1	1428486447
25	1076	1	1429008433
25	1076	1	1429261966
25	1076	1	1430393716
25	1076	1	1431684337
25	1076	1	1432202414
25	1076	1	1432567745
25	1076	1	1432932588
25	1076	1	1433533804
25	1076	1	1434046691
25	1076	1	1435308607
25	1076	1	1438239433
25	1076	1	1439287975
25	1076	1	1440401682
25	1076	1	1440678621
25	1076	1	1442498277
25	1076	1	1443175940
25	1076	1	1443645902
25	1076	1	1446148505
25	1076	1	1446155410
25	1076	1	1449223486
25	1076	1	1450360986
25	1076	1	1466596309
25	1076	1	1466773272
25	1076	1	1467230323
25	1076	1	1467320814
25	1076	1	1468186695
25	1076	1	1468238578
25	1076	1	1468571525
25	1076	1	1472803947
25	1076	1	1473164683
25	1076	1	1479885731
25	1076	1	1492895779
25	1076	1	1499069787
56	1077	1	1426165414
25	1077	1	1426167076
25	1077	1	1426508463
25	1077	1	1426590394
25	1077	1	1426677091
25	1077	1	1426677174
25	1077	1	1426858641
25	1077	1	1427134724
25	1077	1	1427288619
25	1077	1	1427464506
25	1077	1	1427886509
25	1077	1	1427990997
25	1077	1	1428571146
25	1077	1	1429089173
25	1077	1	1429733384
25	1077	1	1431550895
25	1077	1	1431977438
25	1077	1	1432567767
25	1077	1	1432932342
25	1077	1	1433534142
25	1077	1	1434441644
25	1077	1	1436940757
25	1077	1	1438764412
25	1077	1	1440162407
25	1077	1	1440678411
25	1077	1	1442498534
25	1077	1	1443645994
25	1077	1	1446148203
25	1077	1	1449234758
25	1077	1	1450361467
25	1077	1	1466596342
25	1077	1	1479207567
25	1077	1	1491915451
25	1077	1	1499069784
56	1078	1	1426165429
25	1078	1	1426167317
25	1078	1	1426512414
25	1078	1	1426595862
25	1078	1	1427147351
25	1078	1	1427389780
25	1078	1	1427795762
25	1078	1	1427923575
25	1078	1	1428417300
25	1078	1	1428921575
25	1078	1	1429262629
25	1078	1	1430910254
25	1078	1	1431948061
25	1078	1	1432567790
25	1078	1	1432932469
25	1078	1	1433533924
25	1078	1	1434046815
25	1078	1	1435668647
25	1078	1	1438592771
25	1078	1	1439973789
25	1078	1	1440495254
25	1078	1	1442222402
25	1078	1	1442498405
25	1078	1	1442567370
25	1078	1	1443646066
25	1078	1	1446148288
25	1078	1	1446155707
25	1078	1	1449129582
25	1078	1	1450219172
25	1078	1	1450635119
25	1078	1	1467981759
25	1078	1	1468219304
25	1078	1	1468321180
25	1078	1	1470055661
25	1078	1	1470649263
25	1078	1	1479211720
25	1078	1	1479979393
25	1078	1	1499069785
56	1079	1	1426165439
25	1079	1	1426167807
25	1079	1	1426235944
25	1079	1	1426512667
25	1079	1	1426613783
25	1079	1	1426865650
25	1079	1	1427389721
25	1079	1	1427719554
25	1079	1	1427907722
25	1079	1	1428401998
25	1079	1	1428606314
25	1079	1	1429101538
25	1079	1	1429794011
25	1079	1	1431694381
25	1079	1	1432567795
25	1079	1	1433326962
25	1079	1	1433941876
25	1079	1	1434973791
25	1079	1	1438592847
25	1079	1	1439973919
25	1079	1	1440678212
25	1079	1	1441698708
25	1079	1	1442497778
25	1079	1	1443646149
25	1079	1	1446155523
25	1079	1	1450218503
25	1079	1	1450634828
25	1079	1	1467098394
25	1079	1	1468322313
25	1079	1	1468585810
25	1079	1	1470685779
25	1079	1	1474055638
25	1079	1	1479211564
25	1079	1	1499069789
20	1080	1	1426643969
70	1081	1	1426840348
3	1081	1	1429232885
70	1081	1	1429245748
70	1082	1	1426840348
3	1082	1	1429232885
70	1082	1	1429245748
70	1083	1	1426840349
3	1083	1	1429232885
70	1083	1	1429245748
70	1084	1	1426840349
3	1084	1	1429232885
70	1084	1	1429245748
70	1085	1	1426840349
70	1086	1	1426840355
70	1087	1	1426840355
3	1087	1	1429232885
70	1087	1	1429245748
70	1088	1	1426840356
3	1088	1	1429232885
70	1088	1	1429245748
70	1089	1	1426840356
3	1089	1	1429232885
70	1089	1	1429245748
70	1090	1	1426840356
3	1090	1	1429232885
70	1090	1	1429245748
70	1091	1	1426840359
3	1091	1	1429232885
70	1091	1	1429245749
98	1092	1	1429212129
97	1095	1	1438202027
97	1096	1	1438202272
163	1097	1	1438645141
7	1098	1	1442128059
7	1098	1	1442128394
78	1099	1	1442128763
78	1099	1	1442291021
164	1100	1	1442129349
164	1100	1	1442130181
164	1100	1	1442131705
163	1101	1	1443816816
163	1102	1	1443816817
163	1103	1	1443816817
163	1104	1	1443816817
163	1105	1	1443816817
163	1106	1	1443816817
163	1107	1	1443816817
130	1108	1	1451502365
130	1109	1	1451505781
130	1110	1	1451505781
156	1111	1	1461695559
130	1112	1	1462383670
70	1113	1	1467205570
70	1113	1	1467342337
97	1114	1	1472138878
97	1115	1	1472138878
150	1116	1	1487203724
129	1117	1	1487253283
116	1118	1	1497570504
