1	1	1	1095035098
1	1	1	1095035314
1	1	1	1095035657
1	1	1	1095040920
1	1	1	1095041319
1	1	1	1095041844
1	1	1	1095150301
1	1	1	1095212881
1	1	1	1095365640
2	1	1	1137164824
3	1	1	1139605136
3	1	1	1139606373
3	1	1	1139606393
3	1	1	1139606970
3	1	1	1139607264
3	1	1	1139607303
3	1	1	1139653685
3	1	1	1139653768
3	1	1	1139653865
3	1	1	1139654087
3	1	1	1139656053
3	1	1	1139657996
3	1	1	1139659413
3	1	1	1139671000
3	1	1	1139673255
3	1	1	1139673278
3	1	1	1139673302
3	1	1	1139673321
3	1	1	1139674244
3	1	1	1139683699
3	1	1	1139683718
3	1	1	1139686343
3	1	1	1139686366
3	1	1	1139687277
3	1	1	1139687334
3	1	1	1139691345
3	1	1	1139758556
3	1	1	1153512098
4	1	1	1154293453
3	1	1	1155105237
3	1	1	1155134075
3	1	1	1155134187
3	1	1	1155137751
3	1	1	1155137773
3	1	1	1155139478
3	1	1	1155139494
3	1	1	1155144489
3	1	1	1155144517
3	1	1	1155144550
3	1	1	1155144685
3	1	1	1155145053
3	1	1	1155145236
3	1	1	1155150325
3	1	1	1155151907
3	1	1	1155151931
3	1	1	1155152012
3	1	1	1155152060
3	1	1	1155152082
3	1	1	1155225132
3	1	1	1156957832
3	1	1	1158909046
3	1	1	1158909068
3	1	1	1168353242
5	1	1	1177422212
6	1	1	1340958563
6	1	1	1340958595
6	1	1	1360409513
6	1	1	1360419786
6	1	1	1360440520
6	1	1	1365243127
7	1	1	1397219918
6	1	1	1467230451
1	2	1	1095034629
8	2	1	1268434685
9	2	1	1385658129
1	3	1	1095034827
1	3	1	1095035187
1	4	1	1095040674
1	4	1	1095041419
1	4	1	1095212958
1	4	1	1095213609
3	4	1	1155150412
3	4	1	1155150444
3	4	1	1155150473
3	4	1	1155153271
1	5	1	1095040861
1	6	1	1095041214
1	6	1	1095041428
1	6	1	1095213672
1	6	1	1100140674
3	6	1	1155153250
3	6	1	1155153258
6	6	1	1359484818
6	6	1	1365243081
1	7	1	1095041266
1	7	1	1095041439
1	7	1	1095213081
1	7	1	1095355417
3	7	1	1155153295
3	7	1	1155153307
1	8	1	1095041348
1	8	1	1095213096
1	8	1	1095355344
1	8	1	1095365775
5	8	1	1174738580
10	8	1	1288795419
11	8	1	1361809533
11	8	1	1361810412
12	8	1	1469371721
1	9	1	1095041880
1	9	1	1095213105
1	9	1	1095355366
10	9	1	1288796409
11	9	1	1361809142
11	9	1	1361809278
1	10	1	1095041943
1	10	1	1095213112
1	10	1	1095355394
10	10	1	1288797388
12	10	1	1469371731
1	11	1	1095042009
1	11	1	1095213118
1	11	1	1095213153
1	11	1	1095355448
11	11	1	1318771857
1	12	1	1095150159
1	12	1	1095213192
10	12	1	1288789188
6	12	1	1303384748
11	12	1	1371039276
11	12	1	1371039326
13	12	1	1371158520
13	12	1	1371159735
13	12	1	1371159897
11	12	1	1411039499
1	13	1	1095151183
1	13	1	1189277573
14	14	1	1095168791
15	14	1	1189254497
15	14	1	1189254773
15	14	1	1189281315
16	14	1	1292321761
17	14	1	1361726370
16	14	1	1367599769
18	14	1	1403936257
19	15	1	1091742437
1	15	1	1095190363
19	16	1	1076188416
19	16	1	1103266339
19	16	1	1103268171
1	16	1	1108842941
6	16	1	1360493415
19	17	1	1079089707
19	17	1	1103266339
19	17	1	1103268171
1	17	1	1108842969
1	18	1	1095365568
1	19	1	1095365618
1	20	1	1095544428
6	20	1	1288291989
6	20	1	1288292211
1	21	1	1095544468
6	21	1	1288291957
6	21	1	1403955792
1	22	1	1095544521
6	22	1	1288292020
1	23	1	1114515071
1	23	1	1114515504
13	23	1	1360364804
13	23	1	1360364919
13	23	1	1360365097
13	23	1	1360373901
11	23	1	1360449283
13	23	1	1360521120
2	25	1	1134302298
2	26	1	1134302310
20	27	1	1135700248
20	27	1	1443446433
20	28	1	1135700409
20	28	1	1140707598
20	28	1	1141580205
20	28	1	1141644657
20	28	1	1141645423
20	29	1	1137611385
21	29	1	1153918861
21	29	1	1153918870
4	29	1	1154293454
3	29	1	1158909188
22	29	1	1260789761
23	29	1	1467228029
3	30	1	1139605402
3	30	1	1139605420
3	30	1	1139605689
3	30	1	1139605850
3	30	1	1139606253
3	30	1	1139606278
3	30	1	1139657597
3	30	1	1139668521
3	30	1	1139948450
3	30	1	1155138514
3	30	1	1155138649
3	30	1	1155152509
3	30	1	1155152521
3	30	1	1155152532
3	30	1	1155904276
3	31	1	1139606661
24	31	1	1139611816
3	31	1	1139660356
3	31	1	1139933552
3	31	1	1154975084
25	31	1	1185970317
26	31	1	1189282695
26	31	1	1207911211
26	31	1	1220187649
26	31	1	1237283761
26	31	1	1251279437
10	31	1	1256478267
10	31	1	1256487477
27	31	1	1275100296
10	31	1	1294876711
28	31	1	1295342273
6	31	1	1310994402
6	31	1	1310994411
10	31	1	1319764719
29	31	1	1349843436
30	31	1	1365981741
31	31	1	1397256948
3	32	1	1139606707
24	32	1	1139611891
26	32	1	1189281899
26	32	1	1193475911
26	32	1	1220259508
26	32	1	1237656018
10	32	1	1254221120
32	32	1	1258145084
8	32	1	1258543482
33	32	1	1271872527
6	32	1	1288292265
34	32	1	1302415980
6	32	1	1303386029
35	32	1	1310516127
10	32	1	1319798907
33	32	1	1338313979
33	32	1	1339330752
36	32	1	1397558257
3	33	1	1139606472
3	33	1	1139606588
24	33	1	1139611950
3	33	1	1139659457
3	33	1	1139683214
3	33	1	1139683311
3	33	1	1139685630
3	33	1	1139759785
3	33	1	1155148265
10	33	1	1265194428
10	33	1	1285329584
10	33	1	1288559390
37	33	1	1294602641
35	33	1	1314575610
10	33	1	1319762177
30	33	1	1327797530
33	33	1	1343430014
33	33	1	1357221017
31	33	1	1397258960
3	34	1	1139606757
24	34	1	1139612008
26	34	1	1193472852
26	34	1	1199896485
26	34	1	1211460240
26	34	1	1220256212
10	34	1	1254212147
10	34	1	1256470223
38	34	1	1263823228
6	34	1	1288292542
10	34	1	1288593515
10	34	1	1288783137
34	34	1	1302410798
30	34	1	1327798128
33	34	1	1339330377
33	34	1	1341653904
33	34	1	1346487361
33	34	1	1351439498
10	34	1	1370204122
31	34	1	1397259923
3	35	1	1139606835
24	35	1	1139612059
3	35	1	1139949519
5	35	1	1176218095
26	35	1	1189281890
26	35	1	1220184097
10	35	1	1229636800
26	35	1	1239190674
26	35	1	1242577783
39	35	1	1286261791
10	35	1	1288793246
10	35	1	1291607658
6	35	1	1303396134
6	35	1	1310390962
35	35	1	1310531129
34	35	1	1314610495
30	35	1	1365982169
10	35	1	1379099084
31	35	1	1397257699
3	36	1	1139607006
3	36	1	1139607106
24	36	1	1139612113
3	36	1	1155152256
3	36	1	1155152284
3	36	1	1155152338
3	36	1	1155152451
3	36	1	1155152613
40	36	1	1300473392
41	36	1	1300473895
33	36	1	1339932007
33	36	1	1357126006
6	36	1	1365243061
10	36	1	1378884017
36	36	1	1397581481
3	37	1	1139654197
20	37	1	1141575235
13	37	1	1360454582
3	38	1	1139656296
3	38	1	1139660886
3	38	1	1139660976
3	38	1	1139669396
3	38	1	1139669414
3	38	1	1139670746
3	38	1	1139674661
3	38	1	1139674680
3	38	1	1139674714
3	38	1	1139760198
3	38	1	1139760263
3	38	1	1139760320
3	38	1	1139760348
3	38	1	1139760436
3	38	1	1139760509
3	38	1	1139761917
3	38	1	1139762322
3	38	1	1139949191
3	38	1	1155138097
3	38	1	1155152654
26	38	1	1189282102
26	38	1	1191273431
26	38	1	1192720874
26	38	1	1194816540
26	38	1	1205661846
42	38	1	1211199029
26	38	1	1220266198
26	38	1	1229592464
26	38	1	1239040592
26	38	1	1239276277
10	38	1	1254224699
10	38	1	1256511689
10	38	1	1256547970
8	38	1	1258049742
33	38	1	1267820952
10	38	1	1279121718
10	38	1	1300282204
34	38	1	1317485877
34	38	1	1322679879
36	38	1	1397500554
43	38	1	1433595081
13	38	1	1433600116
13	38	1	1433600279
13	38	1	1433600304
13	38	1	1433600356
3	39	1	1139657796
3	39	1	1155130032
3	39	1	1155138554
3	39	1	1155138680
3	39	1	1155152547
6	39	1	1379175767
3	40	1	1139658076
3	40	1	1139658262
3	40	1	1139658914
3	40	1	1139659075
24	40	1	1139765825
3	40	1	1155138914
3	40	1	1155152826
3	41	1	1139659221
3	41	1	1139659319
24	41	1	1139665176
3	41	1	1139668700
3	41	1	1139668736
3	41	1	1139668763
3	41	1	1139668853
3	41	1	1155152117
44	41	1	1223701994
45	41	1	1236098950
46	41	1	1238688599
46	41	1	1239013440
46	41	1	1239133527
46	41	1	1246373079
46	41	1	1258404930
8	41	1	1259742406
27	41	1	1274452191
8	41	1	1311105716
35	41	1	1315355973
12	41	1	1438683757
3	42	1	1139660306
3	42	1	1139661022
3	42	1	1139661093
3	42	1	1139662267
3	42	1	1155153093
3	42	1	1155153106
47	42	1	1265192510
48	42	1	1265193635
10	42	1	1265194539
10	42	1	1279123089
10	42	1	1291572177
35	42	1	1310424807
33	42	1	1357123449
10	42	1	1370211803
36	42	1	1397498604
3	43	1	1139661602
24	43	1	1139665321
24	43	1	1139765851
29	43	1	1343437800
49	43	1	1377669559
12	43	1	1438683768
3	44	1	1139661695
3	44	1	1139661819
24	44	1	1139664777
3	44	1	1139669949
3	44	1	1139669981
3	44	1	1139670054
3	44	1	1139670096
3	44	1	1139670237
3	44	1	1139670363
3	44	1	1139685286
3	44	1	1139691963
50	44	1	1152817416
5	44	1	1176736216
26	44	1	1189282258
26	44	1	1191391538
26	44	1	1211797947
26	44	1	1233497546
26	44	1	1242725351
10	44	1	1256467749
10	44	1	1256474595
10	44	1	1256492615
51	44	1	1265159467
27	44	1	1265167824
10	44	1	1279127613
10	44	1	1280992041
33	44	1	1283111881
34	44	1	1302424121
6	44	1	1310993896
6	44	1	1310993905
29	44	1	1343669950
33	44	1	1357139229
33	44	1	1357144272
33	44	1	1357293865
36	44	1	1397536491
3	45	1	1139661989
24	45	1	1139664720
3	45	1	1139668370
3	45	1	1139693643
3	45	1	1139763004
3	45	1	1155225009
3	45	1	1155225021
26	45	1	1189282248
26	45	1	1191268759
26	45	1	1204363313
26	45	1	1211488127
44	45	1	1220651610
26	45	1	1229591090
26	45	1	1237651473
10	45	1	1254219766
10	45	1	1256470776
10	45	1	1256488571
10	45	1	1256525109
10	45	1	1265194703
10	45	1	1279121288
10	45	1	1280991170
34	45	1	1303858985
34	45	1	1323437506
33	45	1	1334166721
36	45	1	1397532830
43	45	1	1412884070
3	46	1	1139662109
24	46	1	1139664665
3	46	1	1139950604
3	46	1	1139950666
25	46	1	1185970820
26	46	1	1189282705
26	46	1	1189670309
26	46	1	1220190826
26	46	1	1238274207
26	46	1	1242580849
26	46	1	1243424200
8	46	1	1258048642
8	46	1	1259747330
37	46	1	1294603252
52	46	1	1296729657
10	46	1	1300286438
10	46	1	1319773022
33	46	1	1345279574
31	46	1	1397260123
3	47	1	1139662218
3	47	1	1139662240
24	47	1	1139664535
24	47	1	1139664583
3	47	1	1139679670
3	47	1	1139679973
3	47	1	1139680273
3	47	1	1139680290
3	47	1	1140032422
26	47	1	1189282642
26	47	1	1195508955
26	47	1	1211463886
26	47	1	1220256405
26	47	1	1237638827
26	47	1	1242648008
10	47	1	1256487890
10	47	1	1256527908
10	47	1	1300278543
34	47	1	1302412150
6	47	1	1310994317
10	47	1	1319773333
6	47	1	1319895147
13	47	1	1319896804
30	47	1	1327798976
33	47	1	1341147503
10	47	1	1370206324
36	47	1	1397393669
3	48	1	1139662391
24	48	1	1139664496
3	48	1	1139668232
3	48	1	1139690058
3	48	1	1139690070
3	48	1	1139691921
26	48	1	1197227150
26	48	1	1199549122
26	48	1	1203499090
26	48	1	1239186593
10	48	1	1254218274
10	48	1	1256572132
8	48	1	1258049177
46	48	1	1268678696
10	48	1	1272342829
10	48	1	1275788070
10	48	1	1297705996
34	48	1	1302421141
10	48	1	1319763766
53	48	1	1329517170
53	48	1	1331579919
33	48	1	1339165108
33	48	1	1345280684
33	48	1	1351439878
12	48	1	1438683777
3	49	1	1139662527
3	49	1	1139662561
24	49	1	1139664392
24	49	1	1139683208
24	49	1	1139683225
24	50	1	1139664535
24	51	1	1139664860
3	51	1	1139668582
3	51	1	1139668628
45	51	1	1236091852
29	51	1	1343405222
29	51	1	1371245000
31	51	1	1397841602
12	51	1	1438683787
3	52	1	1139667636
3	52	1	1139668020
3	52	1	1139669366
3	52	1	1155152797
3	52	1	1155152804
47	52	1	1265192499
48	52	1	1265193725
10	52	1	1265194449
10	52	1	1272195613
34	52	1	1301617170
35	52	1	1310423967
33	52	1	1344694357
33	52	1	1348312583
10	52	1	1359454779
31	52	1	1397257389
3	53	1	1139668472
6	53	1	1365243176
3	54	1	1139668802
3	55	1	1139668821
3	56	1	1139669663
3	57	1	1139669682
3	58	1	1139669703
3	59	1	1139669739
3	60	1	1139669767
3	61	1	1139669795
3	61	1	1139670560
3	61	1	1139670570
3	62	1	1139670324
54	62	1	1221197111
13	62	1	1319887466
13	62	1	1324683760
13	62	1	1324683830
13	62	1	1339236373
11	62	1	1339527958
29	62	1	1343512671
12	62	1	1438683797
12	62	1	1495088205
3	63	1	1139671047
3	63	1	1139671131
3	63	1	1139671417
3	63	1	1139671943
3	63	1	1139672013
50	63	1	1152777187
3	63	1	1155152970
3	63	1	1155152978
47	63	1	1265192504
48	63	1	1265193698
10	63	1	1265194470
33	63	1	1275215948
10	63	1	1275759718
34	63	1	1301615673
30	63	1	1327836517
29	63	1	1343348944
55	63	1	1384150426
36	63	1	1397574177
3	64	1	1139672456
3	64	1	1139672474
26	64	1	1189282082
26	64	1	1207911693
26	64	1	1242731186
26	64	1	1244017948
56	64	1	1244411516
10	64	1	1254171804
10	64	1	1294911574
10	64	1	1300277867
33	64	1	1351437465
31	64	1	1397257268
3	65	1	1139672767
26	65	1	1189282187
26	65	1	1189671275
26	65	1	1191438639
26	65	1	1211460885
26	65	1	1223729143
26	65	1	1242745643
10	65	1	1256479860
10	65	1	1256501478
34	65	1	1296315970
10	65	1	1300274384
10	65	1	1319767161
33	65	1	1351444215
30	65	1	1366006044
12	65	1	1438683807
3	66	1	1139673022
26	66	1	1189282478
26	66	1	1191348224
26	66	1	1192125736
54	66	1	1198996916
26	66	1	1200497248
26	66	1	1211536308
10	66	1	1229650156
26	66	1	1238869124
39	66	1	1285607081
10	66	1	1291585523
41	66	1	1297259944
35	66	1	1310520868
10	66	1	1319770026
33	66	1	1339331027
33	66	1	1351438106
10	66	1	1370335041
36	66	1	1397498915
3	67	1	1139673225
3	68	1	1139673657
3	68	1	1139673680
3	68	1	1139673695
3	68	1	1139693591
3	68	1	1139759715
26	68	1	1189282288
26	68	1	1192110844
26	68	1	1227969751
26	68	1	1233496376
26	68	1	1242839036
10	68	1	1256503456
39	68	1	1287610667
10	68	1	1288572852
34	68	1	1292557801
10	68	1	1300270818
41	68	1	1300274797
35	68	1	1310524767
6	68	1	1310993748
6	68	1	1310993795
6	68	1	1310993815
33	68	1	1335019347
53	68	1	1342447548
53	68	1	1358891364
10	68	1	1359445078
10	68	1	1370227821
13	68	1	1436005586
13	68	1	1436005635
12	68	1	1438683817
3	69	1	1139673805
3	70	1	1139673825
3	71	1	1139674601
3	71	1	1139674818
3	71	1	1139674907
3	71	1	1155152720
3	71	1	1155152756
47	71	1	1265192507
48	71	1	1265193676
10	71	1	1265194489
33	71	1	1267821978
10	71	1	1285326794
57	71	1	1324407083
49	71	1	1377668909
10	71	1	1378797579
31	71	1	1397841400
12	71	1	1438683827
3	72	1	1139675134
58	72	1	1165600071
26	72	1	1189281849
26	72	1	1191389379
26	72	1	1192127395
26	72	1	1193479888
26	72	1	1195514581
26	72	1	1203501239
26	72	1	1211797051
44	72	1	1220656607
26	72	1	1231082759
26	72	1	1242720725
10	72	1	1256466621
8	72	1	1259748988
10	72	1	1280989710
37	72	1	1294605720
10	72	1	1319773228
33	72	1	1357116214
36	72	1	1397596960
3	73	1	1155153214
3	73	1	1155153227
5	73	1	1191350106
3	74	1	1139678068
3	74	1	1139678261
26	74	1	1189282815
26	74	1	1203495317
26	74	1	1211535271
26	74	1	1220266414
26	74	1	1238861145
46	74	1	1246389375
10	74	1	1254225944
10	74	1	1256489514
10	74	1	1256518142
10	74	1	1256529744
10	74	1	1256549254
38	74	1	1257636465
44	74	1	1270840289
10	74	1	1272192517
10	74	1	1319769928
10	74	1	1319822899
33	74	1	1333641170
59	74	1	1369204075
59	74	1	1369204102
12	74	1	1438683847
3	79	1	1139678347
10	79	1	1288793064
29	79	1	1343702520
60	79	1	1405101193
12	79	1	1439287110
3	80	1	1139678550
3	80	1	1139678640
3	80	1	1139678722
3	80	1	1154973914
26	80	1	1189282218
26	80	1	1189714868
26	80	1	1204374835
44	80	1	1220677588
26	80	1	1238854489
26	80	1	1242744472
10	80	1	1254183924
10	80	1	1280992957
39	80	1	1285531536
10	80	1	1319765974
53	80	1	1333403495
33	80	1	1335811243
33	80	1	1337502096
33	80	1	1351936159
36	80	1	1397513196
3	81	1	1139678971
26	81	1	1189282328
26	81	1	1191391928
26	81	1	1200558381
26	81	1	1203502934
26	81	1	1205667512
26	81	1	1220278567
26	81	1	1242721075
10	81	1	1256467764
10	81	1	1256467980
10	81	1	1256491674
8	81	1	1258052437
10	81	1	1275797520
41	81	1	1297537229
10	81	1	1300268896
33	81	1	1351438667
36	81	1	1397540626
61	81	1	1487495894
3	82	1	1139679130
3	82	1	1139679174
24	82	1	1139683721
24	82	1	1139683826
26	82	1	1189282278
26	82	1	1242647728
46	82	1	1246431702
10	82	1	1254214651
32	82	1	1258018487
8	82	1	1259747483
10	82	1	1279145490
10	82	1	1288566339
10	82	1	1291583061
34	82	1	1299035767
6	82	1	1303385303
34	82	1	1303854149
10	82	1	1330426968
33	82	1	1333986155
33	82	1	1358073656
36	82	1	1397395018
3	83	1	1139679268
3	83	1	1139679392
3	83	1	1139950445
26	83	1	1189282655
26	83	1	1191345963
26	83	1	1192458084
44	83	1	1221258464
26	83	1	1225038086
26	83	1	1239040422
26	83	1	1239275445
10	83	1	1254224395
10	83	1	1256553437
10	83	1	1256610033
33	83	1	1271873440
10	83	1	1272200145
10	83	1	1297682715
34	83	1	1302417654
10	83	1	1319769987
53	83	1	1333465398
53	83	1	1333471019
33	83	1	1337613763
33	83	1	1340291815
33	83	1	1345282203
36	83	1	1397503820
3	84	1	1139679563
3	85	1	1139680160
3	86	1	1139680528
3	86	1	1139680563
3	86	1	1139680666
3	86	1	1139680687
26	86	1	1189282438
26	86	1	1204369465
26	86	1	1211797587
26	86	1	1227972594
10	86	1	1272208640
10	86	1	1279143761
10	86	1	1291630296
34	86	1	1314633739
53	86	1	1329508029
29	86	1	1350489128
36	86	1	1397527792
3	87	1	1139680827
3	88	1	1139680977
3	89	1	1139681097
3	89	1	1139681132
3	89	1	1139681306
3	89	1	1139681371
3	89	1	1139681423
3	89	1	1155150986
26	89	1	1189281859
26	89	1	1191527081
26	89	1	1199531692
26	89	1	1208598968
26	89	1	1211471594
26	89	1	1220258657
26	89	1	1242655164
10	89	1	1256519738
10	89	1	1267852640
10	89	1	1267879670
10	89	1	1288571193
10	89	1	1288785410
34	89	1	1299207800
10	89	1	1319765388
30	89	1	1327878945
10	89	1	1330459074
49	89	1	1376766142
36	89	1	1397555681
3	90	1	1139681528
3	90	1	1139681637
3	90	1	1139681736
3	90	1	1139681814
3	90	1	1139944429
5	90	1	1171381382
5	90	1	1171381522
5	90	1	1177422537
26	90	1	1189282627
26	90	1	1192110170
26	90	1	1199867666
26	90	1	1203361797
26	90	1	1220184793
44	90	1	1220682119
62	90	1	1238135450
10	90	1	1254170670
10	90	1	1256490605
10	90	1	1256528630
38	90	1	1263822948
10	90	1	1279123858
34	90	1	1299028722
6	90	1	1303395864
6	90	1	1310994172
10	90	1	1319763252
30	90	1	1327794277
36	90	1	1397005772
13	90	1	1436006266
3	91	1	1139681874
3	91	1	1139682013
3	91	1	1139682184
3	91	1	1139691060
3	91	1	1139691096
3	91	1	1139691165
26	91	1	1189282715
26	91	1	1197194812
26	91	1	1199522978
26	91	1	1205175538
26	91	1	1220190364
10	91	1	1229637357
26	91	1	1238854769
46	91	1	1268672516
10	91	1	1275786103
10	91	1	1279130415
28	91	1	1292406716
41	91	1	1299721436
41	91	1	1299947800
35	91	1	1310328633
35	91	1	1310453458
13	91	1	1319887348
33	91	1	1357119780
36	91	1	1397595562
13	91	1	1408913982
3	92	1	1139682283
3	92	1	1139682492
3	92	1	1139682749
24	92	1	1139683175
24	92	1	1139683237
3	92	1	1139685539
3	92	1	1139685552
3	92	1	1139950481
26	92	1	1189282318
26	92	1	1190479093
26	92	1	1192345912
26	92	1	1199898890
26	92	1	1206619712
26	92	1	1207988821
26	92	1	1242747650
10	92	1	1254215003
38	92	1	1257636327
38	92	1	1257636398
38	92	1	1257637407
33	92	1	1267818422
10	92	1	1275756850
10	92	1	1279125478
27	92	1	1289791975
10	92	1	1297681664
34	92	1	1299036582
10	92	1	1300286037
34	92	1	1302412955
13	92	1	1339235891
10	92	1	1370205229
10	92	1	1370213694
49	92	1	1376774510
10	92	1	1378759653
36	92	1	1397405714
3	93	1	1139682698
3	94	1	1139682834
3	94	1	1139682854
3	94	1	1139685719
3	94	1	1139685738
3	94	1	1139685755
3	94	1	1139685956
3	94	1	1139760158
50	94	1	1153564611
26	94	1	1189281778
26	94	1	1191351540
26	94	1	1200512836
26	94	1	1203496498
26	94	1	1229593716
26	94	1	1243429538
10	94	1	1256549716
10	94	1	1265194358
10	94	1	1267841118
10	94	1	1275788402
39	94	1	1287612055
10	94	1	1330444978
33	94	1	1351442239
10	94	1	1370202684
36	94	1	1397550689
3	95	1	1139682927
3	95	1	1139683047
3	95	1	1139683118
26	95	1	1189254018
26	95	1	1191272680
26	95	1	1208099852
36	95	1	1397393864
24	96	1	1139683722
3	97	1	1139683876
3	97	1	1139684425
3	97	1	1139684445
3	97	1	1155152775
3	97	1	1155152782
6	97	1	1365242973
3	98	1	1139684491
3	99	1	1139684569
3	99	1	1139684667
3	99	1	1139684758
3	99	1	1139684847
3	99	1	1139684859
5	99	1	1176070297
5	99	1	1177746737
26	99	1	1189282570
26	99	1	1203692565
26	99	1	1239040856
38	99	1	1257636965
46	99	1	1268672365
33	99	1	1275216658
10	99	1	1288573498
10	99	1	1300269350
10	99	1	1300283456
10	99	1	1319856785
30	99	1	1327795673
33	99	1	1334594810
10	99	1	1370334876
36	99	1	1397525195
3	100	1	1139685108
3	101	1	1139685125
3	102	1	1139686475
3	103	1	1139686698
3	103	1	1139687028
3	103	1	1139687048
3	103	1	1139688660
3	103	1	1139688728
3	103	1	1155153162
3	103	1	1155153179
47	103	1	1265192516
48	103	1	1265193590
10	103	1	1265194389
33	103	1	1267819988
10	103	1	1288783602
41	103	1	1300549060
35	103	1	1310342798
34	103	1	1314611322
10	103	1	1319946202
10	103	1	1330415870
63	103	1	1355799641
10	103	1	1370202470
36	103	1	1397597557
3	104	1	1139687450
3	104	1	1139687529
3	104	1	1139687722
3	104	1	1139687819
3	104	1	1139688029
26	104	1	1189282725
26	104	1	1211531052
26	104	1	1231071210
26	104	1	1237657054
26	104	1	1242817380
10	104	1	1254223616
10	104	1	1256510507
8	104	1	1258049640
42	104	1	1267577756
10	104	1	1280993252
10	104	1	1285335078
41	104	1	1301246709
53	104	1	1333470219
33	104	1	1336309101
63	104	1	1355797176
10	104	1	1370334991
36	104	1	1397384720
3	105	1	1139687529
3	106	1	1139688089
3	107	1	1139688444
3	108	1	1139688465
3	109	1	1139688488
3	110	1	1139688513
3	111	1	1139688540
3	112	1	1139688563
3	113	1	1139688621
3	114	1	1139688787
3	114	1	1139688812
26	114	1	1189281807
26	114	1	1191270589
26	114	1	1192124335
26	114	1	1195810671
26	114	1	1200403844
26	114	1	1211529037
26	114	1	1220264480
44	114	1	1223073259
26	114	1	1237652013
10	114	1	1254221658
38	114	1	1257637277
10	114	1	1300292273
6	114	1	1310994012
34	114	1	1322678644
33	114	1	1343419806
63	114	1	1355797751
10	114	1	1370206480
36	114	1	1397561550
3	115	1	1139688864
3	115	1	1153509416
26	115	1	1189281989
26	115	1	1191352028
26	115	1	1204366616
26	115	1	1226156463
26	115	1	1229246219
26	115	1	1239036705
10	115	1	1254229262
10	115	1	1288786334
10	115	1	1291576027
10	115	1	1300284110
35	115	1	1310368675
10	115	1	1319764350
57	115	1	1323894673
33	115	1	1341078397
33	115	1	1357118303
36	115	1	1397503682
3	116	1	1139688938
3	116	1	1139689057
3	116	1	1139689225
3	116	1	1155136423
5	116	1	1176989888
26	116	1	1189281870
26	116	1	1190478983
26	116	1	1199526225
26	116	1	1211466559
26	116	1	1228566204
26	116	1	1238862693
64	116	1	1240542953
10	116	1	1256546500
32	116	1	1258150925
10	116	1	1288569710
35	116	1	1310548496
34	116	1	1314621871
34	116	1	1322695086
13	116	1	1327185031
29	116	1	1343708907
10	116	1	1378814953
36	116	1	1397415496
3	117	1	1139689293
3	117	1	1139689363
3	117	1	1139689401
3	117	1	1139758097
3	117	1	1139758137
26	117	1	1189281919
26	117	1	1199891280
26	117	1	1205177735
26	117	1	1220207392
26	117	1	1230990490
46	117	1	1246390306
10	117	1	1256529224
38	117	1	1257636719
38	117	1	1257636870
26	117	1	1262373485
44	117	1	1270846627
10	117	1	1272194163
65	117	1	1274794973
65	117	1	1274795043
65	117	1	1274795097
10	117	1	1288562922
10	117	1	1300270556
41	117	1	1300279430
6	117	1	1303395597
10	117	1	1319815841
33	117	1	1333994609
33	117	1	1342108625
31	117	1	1397259010
3	118	1	1139689548
3	119	1	1139689574
3	120	1	1139689643
3	120	1	1139689800
3	120	1	1139689819
26	120	1	1189282755
26	120	1	1208597875
26	120	1	1211450480
26	120	1	1220255729
26	120	1	1237289614
26	120	1	1237622322
10	120	1	1297685042
35	120	1	1310402375
35	120	1	1310561339
35	120	1	1310585179
35	120	1	1314578268
35	120	1	1315359281
29	120	1	1343339185
31	120	1	1397259523
3	121	1	1139689988
3	122	1	1139690190
3	122	1	1139690242
24	122	1	1139695210
3	123	1	1139690308
3	123	1	1139690362
3	123	1	1139690392
3	123	1	1139690471
3	123	1	1139690503
3	123	1	1139690532
24	123	1	1139695139
5	123	1	1171295411
26	123	1	1189281939
26	123	1	1191388939
44	123	1	1221260379
26	123	1	1229605299
10	123	1	1256521717
42	123	1	1280993977
10	123	1	1281004087
10	123	1	1294910765
34	123	1	1302422950
6	123	1	1310993954
6	123	1	1310993966
53	123	1	1333469128
33	123	1	1334992879
10	123	1	1370206742
12	123	1	1438683857
3	124	1	1139690362
3	125	1	1139690723
3	125	1	1139690783
3	125	1	1139690848
3	125	1	1139690996
26	125	1	1189281732
26	125	1	1205665529
26	125	1	1220269188
10	125	1	1265194289
34	125	1	1303864340
10	125	1	1370214062
49	125	1	1377545838
36	125	1	1397584924
3	126	1	1139691039
3	127	1	1139691531
3	127	1	1139691755
3	127	1	1139691773
3	127	1	1139691817
3	127	1	1139691894
3	127	1	1155153128
3	127	1	1155153135
3	128	1	1139692051
3	128	1	1139692065
3	128	1	1139692076
3	128	1	1139692166
3	128	1	1139692236
3	128	1	1139692265
3	128	1	1139944495
26	128	1	1189254203
26	128	1	1191260985
26	128	1	1203699926
26	128	1	1237626688
26	128	1	1242647083
10	128	1	1256473775
10	128	1	1256576163
33	128	1	1268425357
27	128	1	1296617374
41	128	1	1301072770
35	128	1	1310403821
27	128	1	1337739333
29	128	1	1343677590
10	128	1	1378761360
12	128	1	1438683867
3	129	1	1139692334
3	129	1	1139692443
26	129	1	1189282228
26	129	1	1191390947
26	129	1	1204369792
26	129	1	1211797493
44	129	1	1221260454
26	129	1	1233497202
10	129	1	1256465416
10	129	1	1256553069
10	129	1	1288579521
34	129	1	1303866384
27	129	1	1308450146
6	129	1	1313224139
10	129	1	1319811403
33	129	1	1357298557
36	129	1	1397527548
3	130	1	1139692633
3	130	1	1139692662
3	130	1	1139692786
3	130	1	1139692804
3	130	1	1139692828
26	130	1	1189281909
26	130	1	1199532277
26	130	1	1220259638
8	130	1	1258049251
33	130	1	1275213908
10	130	1	1288576314
10	130	1	1319773527
6	130	1	1322311246
13	130	1	1327840274
33	130	1	1342271364
10	130	1	1359378973
10	130	1	1370340173
36	130	1	1397518960
3	131	1	1139693129
3	131	1	1139693304
3	132	1	1139693348
3	132	1	1139693557
3	132	1	1139941561
3	132	1	1155146789
3	132	1	1155146829
3	132	1	1155146844
6	132	1	1303385595
34	132	1	1303864877
35	132	1	1310475770
35	132	1	1310541040
6	132	1	1310993859
33	132	1	1333738528
33	132	1	1334597012
33	132	1	1336309876
33	132	1	1357122281
30	132	1	1366010534
36	132	1	1397599566
3	133	1	1139693403
3	134	1	1139746447
3	134	1	1139746714
3	134	1	1139747061
24	134	1	1139758814
26	134	1	1189282308
26	134	1	1191355734
26	134	1	1193510218
26	134	1	1204368923
44	134	1	1220656587
26	134	1	1242844801
10	134	1	1256464800
10	134	1	1256505790
33	134	1	1266087559
10	134	1	1272202363
10	134	1	1275789432
10	134	1	1281028015
6	134	1	1288292324
10	134	1	1288565999
10	134	1	1297683471
41	134	1	1297753673
41	134	1	1299889288
34	134	1	1300778895
35	134	1	1314572696
10	134	1	1330436754
10	134	1	1330452278
33	134	1	1357114858
36	134	1	1397516026
3	135	1	1139746780
3	136	1	1139746835
3	137	1	1139746896
3	138	1	1139747552
3	138	1	1139757924
3	138	1	1139757956
24	138	1	1139759370
66	138	1	1142181602
26	138	1	1189254287
26	138	1	1191390667
26	138	1	1193479419
26	138	1	1200558202
44	138	1	1223700420
10	138	1	1256464955
10	138	1	1267863245
35	138	1	1310379057
35	138	1	1310537727
33	138	1	1333642722
33	138	1	1341321583
36	138	1	1397532794
3	139	1	1139747642
3	139	1	1139747713
24	139	1	1139758959
5	139	1	1176218126
5	139	1	1176218153
5	139	1	1176218297
26	139	1	1191523061
10	139	1	1288780154
10	139	1	1288780406
10	139	1	1297686849
33	139	1	1347180065
67	139	1	1394387950
13	139	1	1436006376
12	139	1	1438683877
3	140	1	1139747773
3	140	1	1139747808
24	140	1	1139759042
5	140	1	1201631537
68	140	1	1329488568
29	140	1	1343356465
49	140	1	1377669184
12	140	1	1438683887
3	141	1	1139748105
3	141	1	1139748129
24	141	1	1139759119
69	141	1	1150678151
69	141	1	1150678350
69	141	1	1150678728
69	141	1	1150678979
69	141	1	1150679000
26	141	1	1189282383
26	141	1	1203696529
26	141	1	1205177435
44	141	1	1220656334
26	141	1	1239200303
10	141	1	1254180288
10	141	1	1256513069
32	141	1	1258191940
46	141	1	1258404333
10	141	1	1265194217
70	141	1	1289566954
41	141	1	1297437607
10	141	1	1300280450
29	141	1	1343678188
33	141	1	1348304982
29	141	1	1349829996
12	141	1	1438683897
3	142	1	1139748207
3	142	1	1139748261
3	142	1	1139748294
3	142	1	1139748321
24	142	1	1139759159
24	142	1	1139759215
3	142	1	1139761423
3	142	1	1139761537
26	142	1	1189282237
44	142	1	1220680974
44	142	1	1223071077
26	142	1	1230994033
26	142	1	1243677380
10	142	1	1256477776
27	142	1	1260846935
10	142	1	1319765889
33	142	1	1333889778
33	142	1	1345277953
27	142	1	1353208487
13	142	1	1353369341
10	142	1	1359376161
31	142	1	1397259573
3	143	1	1139748404
3	143	1	1139748448
24	143	1	1139759328
50	143	1	1153569616
3	143	1	1155136316
26	143	1	1189282207
26	143	1	1191271526
5	143	1	1191350204
26	143	1	1238857172
10	143	1	1254220536
10	143	1	1265194426
10	143	1	1272244429
10	143	1	1280985667
27	143	1	1284603425
10	143	1	1297679600
34	143	1	1300773237
10	143	1	1319766570
33	143	1	1342110659
33	143	1	1345287779
33	143	1	1348306984
33	143	1	1357120504
10	143	1	1370202603
36	143	1	1397499721
3	144	1	1139748536
24	144	1	1139759485
41	144	1	1299501564
12	144	1	1438683907
3	145	1	1139748639
24	145	1	1139759573
10	145	1	1288784672
35	145	1	1315295475
10	145	1	1370210191
12	145	1	1438683917
24	146	1	1139759654
24	147	1	1139759710
26	147	1	1191252613
6	147	1	1303384612
6	147	1	1303385252
29	147	1	1343830575
31	147	1	1397258859
3	148	1	1139950535
26	148	1	1189282591
26	148	1	1199893697
26	148	1	1203698658
29	148	1	1343512815
33	148	1	1343561488
29	148	1	1343755315
29	148	1	1343779120
31	148	1	1397259723
24	149	1	1139759782
24	149	1	1139759830
24	149	1	1139765772
3	149	1	1139950718
3	149	1	1155134544
26	149	1	1189282685
26	149	1	1190476808
26	149	1	1193473213
26	149	1	1207988484
26	149	1	1211464156
26	149	1	1238273957
10	149	1	1291594396
6	149	1	1310994256
33	149	1	1339341260
33	149	1	1346497649
33	149	1	1351936406
10	149	1	1359376764
10	149	1	1370206400
31	149	1	1397260423
3	150	1	1139755276
3	151	1	1139755474
3	151	1	1139756103
3	151	1	1139757746
3	151	1	1139762164
3	151	1	1139762844
3	151	1	1155146985
3	151	1	1155147037
5	151	1	1174738398
26	151	1	1189282049
26	151	1	1191354324
26	151	1	1206435676
26	151	1	1227956907
6	151	1	1320692229
30	151	1	1326988033
29	151	1	1343404093
49	151	1	1376773367
10	151	1	1378758494
10	151	1	1378784031
10	151	1	1378814028
10	151	1	1378893283
36	151	1	1397504043
3	152	1	1139755879
24	152	1	1139759914
71	152	1	1174781562
26	152	1	1189282745
26	152	1	1199866956
26	152	1	1211266412
44	152	1	1223068703
62	152	1	1237909513
10	152	1	1254169300
10	152	1	1256481348
10	152	1	1256486470
10	152	1	1256524675
8	152	1	1258047402
26	152	1	1266264753
33	152	1	1267812997
10	152	1	1279118815
28	152	1	1292221825
72	152	1	1293726202
37	152	1	1294601166
41	152	1	1299502870
6	152	1	1303395057
35	152	1	1313107780
10	152	1	1319760028
30	152	1	1326820380
33	152	1	1342108120
29	152	1	1343669523
30	152	1	1365977626
10	152	1	1370204945
49	152	1	1376772795
36	152	1	1397002845
3	153	1	1139756001
3	154	1	1139756089
3	155	1	1139756184
3	155	1	1139756254
26	155	1	1189282875
26	155	1	1192110429
26	155	1	1193489855
26	155	1	1203363529
26	155	1	1211271832
26	155	1	1220188807
26	155	1	1251276865
10	155	1	1288561977
6	155	1	1303395483
35	155	1	1310315223
10	155	1	1319765838
53	155	1	1325449257
30	155	1	1327794756
29	155	1	1343339641
33	155	1	1357116881
10	155	1	1370204181
36	155	1	1397373811
3	156	1	1139756338
3	156	1	1139756447
3	156	1	1139756561
3	156	1	1139756613
3	156	1	1139756638
3	156	1	1139756920
26	156	1	1189282092
26	156	1	1193509314
26	156	1	1194809056
26	156	1	1206435241
44	156	1	1221259715
26	156	1	1242731025
46	156	1	1246443936
10	156	1	1254171974
10	156	1	1279139902
35	156	1	1310494047
10	156	1	1319815451
30	156	1	1326911719
49	156	1	1376765372
10	156	1	1378762071
36	156	1	1397427789
3	157	1	1139756992
3	157	1	1139757010
24	157	1	1139760020
26	157	1	1189282617
26	157	1	1191347791
26	157	1	1238860711
26	157	1	1244027093
10	157	1	1254226535
10	157	1	1265194683
10	157	1	1279128148
10	157	1	1288561726
10	157	1	1291575066
53	157	1	1331586718
10	157	1	1359445114
73	157	1	1430987046
12	157	1	1438683927
3	158	1	1139757067
3	158	1	1139757078
3	158	1	1139757154
24	158	1	1139760087
26	158	1	1189282915
26	158	1	1196098440
26	158	1	1199881992
44	158	1	1220677897
26	158	1	1239195504
10	158	1	1256466416
10	158	1	1256478639
10	158	1	1265194562
10	158	1	1275797052
10	158	1	1281008439
41	158	1	1297449187
10	158	1	1300265683
30	158	1	1300539415
34	158	1	1300776079
34	158	1	1302419553
6	158	1	1303396355
34	158	1	1318976940
10	158	1	1319813745
74	158	1	1322601610
33	158	1	1343420267
33	158	1	1351438397
10	158	1	1370212398
75	158	1	1398016940
3	159	1	1139757280
3	159	1	1139757295
24	159	1	1139760149
3	159	1	1155225184
3	159	1	1155225304
26	159	1	1191255802
26	159	1	1199892572
26	159	1	1211443641
26	159	1	1239202308
10	159	1	1254182366
10	159	1	1265194244
10	159	1	1291590009
27	159	1	1300073122
10	159	1	1300303647
6	159	1	1303384330
6	159	1	1303384378
6	159	1	1303384437
34	159	1	1317468762
33	159	1	1334676873
31	159	1	1397259423
3	160	1	1139757510
24	160	1	1139760196
3	161	1	1139757622
24	161	1	1139760298
50	161	1	1152888566
26	161	1	1189282373
26	161	1	1193468362
26	161	1	1211274260
26	161	1	1220189027
62	161	1	1237490844
26	161	1	1242574116
10	161	1	1254171168
8	161	1	1259746040
33	161	1	1268245431
27	161	1	1287800884
6	161	1	1303395689
10	161	1	1330442079
33	161	1	1337695264
33	161	1	1347787912
36	161	1	1397394498
3	162	1	1139757726
3	163	1	1139757776
3	164	1	1139757881
24	164	1	1139760344
3	164	1	1139761687
26	164	1	1189282498
26	164	1	1190478833
26	164	1	1199528266
26	164	1	1199905029
26	164	1	1220257146
26	164	1	1237640536
26	164	1	1242649115
26	164	1	1244018549
10	164	1	1256507066
33	164	1	1275211486
34	164	1	1314622461
10	164	1	1319762123
33	164	1	1347100457
63	164	1	1352861754
36	164	1	1397430036
3	165	1	1139758021
24	165	1	1139760394
3	165	1	1155146522
3	165	1	1155146535
3	165	1	1155146546
26	165	1	1189282148
26	165	1	1196094502
26	165	1	1211274772
26	165	1	1211881725
26	165	1	1220189505
26	165	1	1242575896
26	165	1	1251278731
10	165	1	1256475871
10	165	1	1256528360
10	165	1	1272195952
10	165	1	1300281500
34	165	1	1300765721
76	165	1	1315360844
76	165	1	1315364831
10	165	1	1319810793
34	165	1	1323429717
10	165	1	1330425106
33	165	1	1338104319
29	165	1	1343825573
33	165	1	1348317256
10	165	1	1370202843
10	165	1	1379275695
36	165	1	1397085740
3	166	1	1139758194
3	167	1	1139758323
24	167	1	1139760444
26	167	1	1189282168
26	167	1	1220186028
44	167	1	1220655884
26	167	1	1228551827
26	167	1	1242579047
26	167	1	1243426982
26	167	1	1244022662
46	167	1	1246435920
33	167	1	1275213246
10	167	1	1294875637
35	167	1	1310352698
35	167	1	1314576119
33	167	1	1334594103
53	167	1	1342446897
12	167	1	1438683937
13	167	1	1485862271
3	168	1	1139758683
3	168	1	1139759111
24	168	1	1139765883
24	168	1	1139766016
3	168	1	1155138221
3	168	1	1155138268
3	168	1	1155138306
3	168	1	1155138352
3	168	1	1155138378
3	168	1	1155138416
3	168	1	1155138447
3	168	1	1155138479
3	168	1	1155152841
24	169	1	1139759159
3	170	1	1139759179
3	170	1	1139759415
3	170	1	1139759592
24	170	1	1139760550
3	170	1	1139762888
3	170	1	1139762906
71	170	1	1174782217
26	170	1	1189282675
26	170	1	1189670492
26	170	1	1199886353
26	170	1	1203695122
26	170	1	1211313070
62	170	1	1237228880
26	170	1	1237286707
10	170	1	1254178382
34	170	1	1299204792
35	170	1	1314571418
10	170	1	1319815948
13	170	1	1319925116
13	170	1	1319925157
30	170	1	1327797249
53	170	1	1331581010
33	170	1	1336377404
33	170	1	1337696462
29	170	1	1350467681
49	170	1	1376767920
31	170	1	1397258759
24	171	1	1139759782
3	172	1	1139759862
3	172	1	1139759900
3	172	1	1139759942
3	173	1	1139759955
24	173	1	1139760860
3	173	1	1140038016
5	173	1	1171295449
5	173	1	1171295535
42	173	1	1182267768
26	173	1	1189282885
26	173	1	1191250350
26	173	1	1192375116
26	173	1	1193490302
26	173	1	1197128725
26	173	1	1208604490
26	173	1	1211285084
26	173	1	1220190194
26	173	1	1237285530
26	173	1	1239195930
26	173	1	1242578804
26	173	1	1251281554
10	173	1	1254175923
10	173	1	1256543891
44	173	1	1270884520
10	173	1	1272196756
10	173	1	1288564700
34	173	1	1292549037
10	173	1	1300286946
6	173	1	1303385760
34	173	1	1303847150
35	173	1	1310325753
35	173	1	1310560139
33	173	1	1357138499
10	173	1	1359447446
31	173	1	1397257749
77	173	1	1421957813
77	173	1	1421958678
3	174	1	1139760023
24	174	1	1139760945
26	174	1	1189281788
10	174	1	1256620456
10	174	1	1267853477
10	174	1	1285345950
29	174	1	1343339756
49	174	1	1376773098
31	174	1	1397258169
3	175	1	1139760104
3	175	1	1139760118
24	175	1	1139760996
26	175	1	1189282128
26	175	1	1199866796
26	175	1	1211266262
44	175	1	1223068658
26	175	1	1239044970
10	175	1	1254170140
10	175	1	1265194194
33	175	1	1267862792
34	175	1	1292547682
34	175	1	1302403847
34	175	1	1303844021
10	175	1	1319771431
10	175	1	1319814154
30	175	1	1326821397
36	175	1	1397004043
24	176	1	1139760815
3	176	1	1139761149
24	176	1	1139765536
20	176	1	1141575836
1	176	1	1177359463
16	176	1	1292321762
18	176	1	1403936332
3	177	1	1139761351
24	177	1	1139766088
29	177	1	1343357381
29	177	1	1343514736
3	178	1	1139761940
3	179	1	1139762047
3	179	1	1139762119
24	179	1	1139765724
3	180	1	1139762068
3	181	1	1139762391
3	181	1	1139762420
29	181	1	1343701823
3	182	1	1139929583
3	182	1	1139929896
26	182	1	1191264630
26	182	1	1211468436
10	182	1	1256477666
10	182	1	1281008067
34	182	1	1323435696
33	182	1	1357400987
36	182	1	1397430639
3	183	1	1139930006
26	183	1	1191258285
26	183	1	1211459409
10	183	1	1256521210
31	183	1	1397259873
3	184	1	1139930485
24	184	1	1139955500
26	184	1	1189282418
26	184	1	1195745678
46	184	1	1246388915
10	184	1	1256520928
10	184	1	1265194254
34	184	1	1301619237
57	184	1	1321188028
53	184	1	1333473201
31	184	1	1397258509
3	185	1	1139942362
3	185	1	1139942487
3	185	1	1139942830
24	185	1	1139955555
26	185	1	1189282019
26	185	1	1191346240
26	185	1	1194809915
26	185	1	1204364699
44	185	1	1221258453
26	185	1	1239041069
10	185	1	1254227655
10	185	1	1256570197
32	185	1	1256592836
10	185	1	1300271108
6	185	1	1303394415
34	185	1	1314626531
6	185	1	1322311174
10	185	1	1370227466
10	185	1	1370337247
12	185	1	1438683957
3	186	1	1139943502
3	186	1	1139943541
24	186	1	1139955628
3	186	1	1155224755
3	186	1	1155224765
71	186	1	1174781883
26	186	1	1189281929
26	186	1	1190472932
26	186	1	1193511748
26	186	1	1203364546
26	186	1	1220184713
10	186	1	1254174946
10	186	1	1256568650
10	186	1	1279126767
28	186	1	1292223602
34	186	1	1303852163
10	186	1	1319774333
33	186	1	1348308801
33	186	1	1357141290
10	186	1	1379095405
36	186	1	1397288036
3	187	1	1139943629
24	187	1	1139955682
26	187	1	1191660526
26	187	1	1208092522
10	187	1	1229646319
10	187	1	1288841688
35	187	1	1315295941
10	187	1	1319945714
33	187	1	1333640002
33	187	1	1347128902
33	187	1	1348316790
36	187	1	1397520912
3	188	1	1139943848
26	188	1	1189282137
26	188	1	1211885851
10	188	1	1291593896
34	188	1	1322667208
6	188	1	1326388570
31	188	1	1397257899
3	189	1	1139944317
24	189	1	1139955813
3	190	1	1139944704
24	190	1	1139955872
26	190	1	1189282581
26	190	1	1211287109
26	190	1	1221899659
62	190	1	1237708855
10	190	1	1256521008
10	190	1	1256543674
10	190	1	1281002636
10	190	1	1281075033
33	190	1	1334426250
33	190	1	1338734567
10	190	1	1370211334
31	190	1	1397257799
3	191	1	1139945056
3	191	1	1139945090
24	191	1	1139955926
26	191	1	1191258265
26	191	1	1199896078
26	191	1	1223725876
10	191	1	1288801648
31	191	1	1397259973
3	192	1	1139945241
3	193	1	1139946119
24	193	1	1139956005
66	193	1	1142115141
26	193	1	1189282039
26	193	1	1191347861
26	193	1	1238862312
10	193	1	1267844262
10	193	1	1288795779
10	193	1	1288805078
10	193	1	1319771084
10	193	1	1319815045
33	193	1	1333641518
33	193	1	1357224252
10	193	1	1370205132
12	193	1	1438683967
12	193	1	1440662005
3	194	1	1139947324
24	194	1	1139956051
3	195	1	1139947715
24	195	1	1139956111
25	195	1	1185968434
26	195	1	1189283015
26	195	1	1194809555
26	195	1	1237648180
26	195	1	1242668206
26	195	1	1244026633
10	195	1	1256509305
10	195	1	1256609278
34	195	1	1303858624
34	195	1	1322677993
29	195	1	1371244015
36	195	1	1397521449
3	196	1	1139948035
24	196	1	1139956161
3	197	1	1139948105
24	197	1	1139956221
10	197	1	1288873282
6	197	1	1303395803
3	198	1	1139948186
24	198	1	1139956262
24	198	1	1159827182
78	198	1	1174587793
26	198	1	1191668192
10	198	1	1254213848
10	198	1	1279225520
6	198	1	1310994050
76	198	1	1315359170
76	198	1	1315364830
10	198	1	1319810643
34	198	1	1322671910
10	198	1	1370227104
31	198	1	1397260223
3	199	1	1139948276
3	200	1	1139948363
24	200	1	1139956368
26	200	1	1191657487
26	200	1	1229688979
10	200	1	1288785693
12	200	1	1438683977
3	201	1	1139950847
3	201	1	1139951002
3	201	1	1139951175
3	201	1	1139951852
24	201	1	1139956437
26	201	1	1189282072
26	201	1	1192109769
26	201	1	1197146534
26	201	1	1220190534
26	201	1	1238852224
10	201	1	1254177231
6	201	1	1288290071
34	201	1	1292549431
35	201	1	1310499987
6	201	1	1322311716
33	201	1	1343551115
33	201	1	1351437147
33	201	1	1357115630
36	201	1	1397249781
42	201	1	1446741144
3	202	1	1140026279
3	203	1	1140026519
24	203	1	1140038762
26	203	1	1191250486
26	203	1	1211287226
68	203	1	1273085604
35	203	1	1310411832
10	203	1	1370211412
31	203	1	1397258109
3	204	1	1140026605
24	204	1	1140038812
26	204	1	1189282029
26	204	1	1191264891
26	204	1	1203701285
26	204	1	1208093385
44	204	1	1221256947
10	204	1	1256473206
10	204	1	1256526317
10	204	1	1256569076
34	204	1	1310877479
79	204	1	1321001950
33	204	1	1333637570
33	204	1	1347789250
33	204	1	1357118031
10	204	1	1359375526
59	204	1	1369205074
13	204	1	1369737733
10	204	1	1370227256
36	204	1	1397277656
3	205	1	1140026698
3	205	1	1140026745
24	205	1	1140038878
26	205	1	1189281949
26	205	1	1191257119
26	205	1	1205178286
26	205	1	1211450356
26	205	1	1244903359
27	205	1	1264907737
35	205	1	1315359763
33	205	1	1333637171
29	205	1	1343348990
33	205	1	1345983792
31	205	1	1397259473
3	206	1	1140026813
26	206	1	1191250529
10	206	1	1330455114
33	206	1	1338106664
31	206	1	1397257949
3	207	1	1140026884
24	207	1	1140038987
26	207	1	1191660632
26	207	1	1192366111
26	207	1	1197193602
26	207	1	1208601427
44	207	1	1221257411
10	207	1	1254219096
6	207	1	1303394367
11	207	1	1318771925
10	207	1	1319777594
36	207	1	1397517140
3	208	1	1140026958
3	208	1	1140026969
24	208	1	1140039027
3	209	1	1140027078
24	209	1	1140039065
3	210	1	1140027154
3	210	1	1140027405
3	210	1	1140027517
24	210	1	1140039112
26	210	1	1191249782
26	210	1	1211286936
6	210	1	1303385432
6	210	1	1320692389
13	210	1	1320762948
31	210	1	1397257849
3	211	1	1140028990
24	211	1	1140039147
3	212	1	1140029071
3	212	1	1140029111
24	212	1	1140039199
10	212	1	1288817451
6	212	1	1303385522
6	212	1	1312383495
10	212	1	1330547077
33	212	1	1357136539
27	212	1	1358219477
36	212	1	1397517035
3	213	1	1140029213
24	213	1	1140039309
3	213	1	1140276976
26	213	1	1189282735
26	213	1	1208093099
26	213	1	1239033926
26	213	1	1242746778
10	213	1	1254215634
10	213	1	1256521370
8	213	1	1259751802
10	213	1	1288787118
10	213	1	1294932636
33	213	1	1337431555
33	213	1	1338621006
29	213	1	1350606017
10	213	1	1359445412
10	213	1	1370205296
36	213	1	1397419764
3	214	1	1140029329
3	214	1	1140029345
24	214	1	1140039452
6	214	1	1303395531
10	214	1	1319789870
10	214	1	1359464434
31	214	1	1397258559
3	215	1	1140029501
24	215	1	1140039572
3	215	1	1155131652
26	215	1	1189282488
26	215	1	1189631748
26	215	1	1191256161
26	215	1	1192345589
26	215	1	1203696912
44	215	1	1220651104
10	215	1	1229641185
26	215	1	1238868294
10	215	1	1254181555
10	215	1	1256544916
8	215	1	1258048251
10	215	1	1265194509
10	215	1	1272199236
10	215	1	1279148488
34	215	1	1292550890
33	215	1	1337264826
33	215	1	1337430956
33	215	1	1357218644
31	215	1	1397259373
3	216	1	1140029572
24	216	1	1140039618
3	216	1	1158909009
26	216	1	1189282353
26	216	1	1239035724
10	216	1	1254229005
10	216	1	1256488191
44	216	1	1270887513
39	216	1	1285605404
10	216	1	1297683122
10	216	1	1300282896
10	216	1	1319777681
57	216	1	1329150117
10	216	1	1370206642
36	216	1	1397540308
3	217	1	1140029730
3	218	1	1140029830
24	218	1	1140039663
26	218	1	1189282665
26	218	1	1193471575
26	218	1	1221987521
44	218	1	1223070877
26	218	1	1237290305
26	218	1	1242632825
8	218	1	1258048226
33	218	1	1267815964
10	218	1	1288579147
10	218	1	1288784646
10	218	1	1297681007
6	218	1	1303385222
34	218	1	1314618085
33	218	1	1339341459
33	218	1	1340542947
31	218	1	1397259323
3	219	1	1140029862
3	219	1	1140029891
3	220	1	1140029930
3	221	1	1140032300
24	221	1	1140039701
24	221	1	1140039750
50	221	1	1152774749
26	221	1	1189281742
10	221	1	1229642688
26	221	1	1237289444
26	221	1	1242631793
10	221	1	1256521160
26	221	1	1262379242
10	221	1	1288577506
10	221	1	1300291300
10	221	1	1300346598
34	221	1	1302410224
53	221	1	1325449123
33	221	1	1339340115
31	221	1	1397259673
3	222	1	1140037581
24	222	1	1140039803
3	223	1	1140037645
24	223	1	1140039837
3	224	1	1140037686
3	225	1	1140037722
3	225	1	1140037756
26	225	1	1189282538
26	225	1	1193468131
26	225	1	1199867475
26	225	1	1211267187
26	225	1	1244877587
10	225	1	1256518492
27	225	1	1263093623
27	225	1	1263611807
10	225	1	1280986287
68	225	1	1298063630
35	225	1	1310486966
10	225	1	1319796415
30	225	1	1326820063
10	225	1	1330416510
33	225	1	1337349476
12	225	1	1438683987
12	225	1	1439287143
3	226	1	1140037823
24	226	1	1140040044
26	226	1	1191262448
29	226	1	1343702510
36	226	1	1397403177
3	227	1	1140037893
24	227	1	1140040118
10	227	1	1288786916
6	227	1	1303385087
3	228	1	1140037961
3	229	1	1140038092
24	229	1	1140040186
5	229	1	1177746615
10	229	1	1256601116
10	229	1	1265194234
46	229	1	1268676656
10	229	1	1291594506
36	229	1	1397513472
3	230	1	1140038178
3	230	1	1140038201
80	230	1	1291403632
6	230	1	1310994089
6	230	1	1315241436
10	230	1	1319777380
3	231	1	1140038240
3	231	1	1140038283
24	231	1	1140040299
26	231	1	1191262389
26	231	1	1203700572
26	231	1	1208598205
8	231	1	1258542165
10	231	1	1265194143
10	231	1	1275774386
10	231	1	1288788949
34	231	1	1302412674
36	231	1	1397408916
24	232	1	1140039701
3	233	1	1140277048
24	233	1	1140912582
26	233	1	1189281817
26	233	1	1199895636
26	233	1	1211455525
26	233	1	1221996651
10	233	1	1256512439
10	233	1	1275767113
10	233	1	1275769883
10	233	1	1291589400
10	233	1	1319767136
34	233	1	1322671345
33	233	1	1333637180
10	233	1	1378768585
31	233	1	1397259823
3	234	1	1140277119
24	234	1	1140912636
3	234	1	1155136893
26	234	1	1189281768
26	234	1	1191252918
44	234	1	1220650729
26	234	1	1221917228
10	234	1	1256493107
10	234	1	1265194308
10	234	1	1294881361
34	234	1	1314613435
33	234	1	1345286510
33	234	1	1357114713
10	234	1	1370210292
31	234	1	1397258609
3	235	1	1140277221
24	235	1	1140912856
3	236	1	1140277320
26	236	1	1191349729
26	236	1	1211536661
26	236	1	1229592732
26	236	1	1242678763
80	236	1	1291403490
35	236	1	1310420240
10	236	1	1330444784
29	236	1	1343642596
33	236	1	1357136616
49	236	1	1377671247
36	236	1	1397525500
20	237	1	1140707513
24	238	1	1140912814
3	238	1	1155149927
29	238	1	1343702107
66	239	1	1142153817
20	240	1	1145134733
69	241	1	1150678151
26	242	1	1189282298
26	242	1	1203689668
26	242	1	1211272135
26	242	1	1220628576
44	242	1	1224799685
26	242	1	1243673864
33	242	1	1267813942
44	242	1	1270884314
52	242	1	1271275807
10	242	1	1285340453
39	242	1	1285959068
10	242	1	1288572575
10	242	1	1294878672
10	242	1	1294889578
6	242	1	1303395414
10	242	1	1319775054
10	242	1	1330418616
10	242	1	1359483871
31	242	1	1397256848
6	243	1	1316195310
3	244	1	1153509240
6	244	1	1303394318
29	244	1	1343512772
29	244	1	1343776797
33	244	1	1344073543
33	244	1	1344076770
33	244	1	1346487790
29	244	1	1350834101
33	244	1	1357293629
10	244	1	1359456881
10	244	1	1370205014
10	244	1	1370219939
36	244	1	1397519008
3	245	1	1153509276
3	245	1	1153509284
62	245	1	1241381098
26	245	1	1242745300
32	245	1	1256470128
10	245	1	1256472860
10	245	1	1294875201
34	245	1	1302411060
35	245	1	1310341478
6	245	1	1310390734
6	245	1	1310390765
34	245	1	1314619914
33	245	1	1342254128
33	245	1	1351440609
33	245	1	1357118127
10	245	1	1359445043
10	245	1	1359447608
12	245	1	1438683997
3	246	1	1153509320
10	246	1	1279132832
10	246	1	1359455058
36	246	1	1397502975
3	247	1	1153509344
3	247	1	1153509368
3	248	1	1153509391
10	248	1	1288781322
10	248	1	1288782453
10	248	1	1300277727
35	248	1	1310320923
10	248	1	1330430580
12	248	1	1438684007
13	248	1	1485807743
3	249	1	1153509624
21	250	1	1153918778
4	251	1	1154293453
4	252	1	1154293454
3	254	1	1154458913
48	254	1	1255552874
22	254	1	1260789623
22	254	1	1260789691
22	254	1	1260789853
81	254	1	1287683368
16	254	1	1309683288
16	254	1	1319677291
16	254	1	1324522376
16	254	1	1326644422
16	254	1	1329059303
82	254	1	1332954681
16	254	1	1338599380
16	254	1	1338920830
16	254	1	1340945440
16	254	1	1342728801
16	254	1	1346896961
16	254	1	1347283636
29	254	1	1347561279
29	254	1	1347604650
29	254	1	1349830187
16	254	1	1350356556
16	254	1	1350493700
16	254	1	1357679033
16	254	1	1358609273
83	254	1	1358898859
16	254	1	1359578193
16	254	1	1363205109
16	254	1	1366779388
16	254	1	1367293866
16	254	1	1367347260
16	254	1	1369083070
16	254	1	1370310378
29	254	1	1371245084
16	254	1	1371962537
16	254	1	1372941627
84	254	1	1372949560
16	254	1	1374586077
85	254	1	1374597801
16	254	1	1377026474
16	254	1	1379990817
16	254	1	1380912738
16	254	1	1381264045
16	254	1	1383682452
16	254	1	1384817659
86	254	1	1389854816
86	254	1	1392813031
86	254	1	1393020003
86	254	1	1393616687
86	254	1	1394229528
86	254	1	1394747777
86	254	1	1396307074
86	254	1	1396979586
86	254	1	1400342592
86	254	1	1400531906
86	254	1	1400531908
86	254	1	1400880591
86	254	1	1402426096
86	254	1	1403214867
18	254	1	1403635686
18	254	1	1403635850
86	254	1	1408642522
86	254	1	1408659318
86	254	1	1409676735
86	254	1	1414346693
86	254	1	1415986582
86	254	1	1416593532
86	254	1	1416594939
86	254	1	1419620443
86	254	1	1423161021
86	254	1	1425249163
86	254	1	1425499359
86	254	1	1426275937
86	254	1	1428682325
86	254	1	1428695361
86	254	1	1429592906
86	254	1	1430711388
86	254	1	1431883698
86	254	1	1431887510
86	254	1	1433533550
86	254	1	1433546569
86	254	1	1433685931
86	254	1	1434192255
86	254	1	1434214031
86	254	1	1434751255
86	254	1	1437714474
86	254	1	1437719567
86	254	1	1438386174
86	254	1	1438393677
86	254	1	1439591307
86	254	1	1439597131
86	254	1	1439939333
87	254	1	1439945796
86	254	1	1441217559
86	254	1	1441399975
86	254	1	1441404349
86	254	1	1442955676
86	254	1	1443459443
86	254	1	1446229119
86	254	1	1447106302
86	254	1	1447152482
86	254	1	1447796544
86	254	1	1448488127
86	254	1	1448980698
86	254	1	1450472290
86	254	1	1451001971
86	254	1	1451958544
86	254	1	1453143999
86	254	1	1456521676
86	254	1	1459439241
86	254	1	1460930871
86	254	1	1466776916
86	254	1	1467087699
86	254	1	1467566413
86	254	1	1467732314
86	254	1	1470765785
86	254	1	1473692923
86	254	1	1475266262
86	254	1	1475717710
86	254	1	1476553825
86	254	1	1479081564
86	254	1	1479082303
86	254	1	1481743978
86	254	1	1487190699
86	254	1	1489088626
86	254	1	1489813776
86	254	1	1491536270
86	254	1	1491932029
86	254	1	1493838950
86	254	1	1494254526
86	254	1	1494612376
86	254	1	1494945865
86	254	1	1494968982
86	254	1	1495573592
42	254	1	1496335839
86	254	1	1500319596
3	255	1	1154458931
6	255	1	1288292123
3	256	1	1154973969
3	256	1	1154974149
3	256	1	1155145110
26	256	1	1189281698
26	256	1	1194810239
44	256	1	1221257413
44	256	1	1223072821
10	256	1	1254212694
10	256	1	1256541632
10	256	1	1265194338
33	256	1	1268943776
68	256	1	1303241729
49	256	1	1377636857
12	256	1	1438684017
3	257	1	1154974187
10	257	1	1294891357
10	257	1	1294902699
10	257	1	1294916788
10	257	1	1294929995
10	257	1	1300264803
41	257	1	1301241004
34	257	1	1303850932
35	257	1	1314573383
10	257	1	1319783530
10	257	1	1319789678
10	257	1	1319823812
34	257	1	1323439288
57	257	1	1324402712
33	257	1	1357120010
36	257	1	1397063291
3	258	1	1154974210
29	258	1	1343702500
3	259	1	1154974224
29	259	1	1343702006
3	260	1	1154974854
3	260	1	1154974928
26	260	1	1189282062
26	260	1	1191260108
26	260	1	1199897269
26	260	1	1207988009
26	260	1	1211462204
26	260	1	1242746439
10	260	1	1254214116
10	260	1	1280988194
10	260	1	1294905822
35	260	1	1310344957
35	260	1	1310557196
34	260	1	1323434394
30	260	1	1327798572
33	260	1	1357138969
30	260	1	1366006430
67	260	1	1394386484
67	260	1	1394386534
67	260	1	1394388004
31	260	1	1397260173
3	261	1	1154974997
57	261	1	1326323906
88	261	1	1395085740
12	261	1	1438684027
3	262	1	1154975157
3	262	1	1154975185
3	262	1	1155136083
3	262	1	1155137299
3	262	1	1155137625
3	262	1	1155149013
3	262	1	1155153061
88	262	1	1395078591
3	263	1	1154975233
26	263	1	1189282408
26	263	1	1203689096
26	263	1	1220627382
10	263	1	1256591183
8	263	1	1259753527
10	263	1	1272241307
34	263	1	1300780645
34	263	1	1301496698
53	263	1	1330104813
33	263	1	1342807549
33	263	1	1346488559
33	263	1	1357130799
10	263	1	1370211198
12	263	1	1438684037
3	264	1	1154975272
26	264	1	1189282975
26	264	1	1191347490
26	264	1	1220265768
26	264	1	1242671881
10	264	1	1254226795
10	264	1	1265194381
10	264	1	1267840251
10	264	1	1288803486
34	264	1	1296320629
27	264	1	1298344818
49	264	1	1377636580
10	264	1	1379180769
12	264	1	1438684047
3	265	1	1155105273
3	265	1	1155105283
3	266	1	1155105743
3	266	1	1155105762
3	266	1	1155105796
26	266	1	1189282560
44	266	1	1221258121
26	266	1	1242817870
10	266	1	1254222512
10	266	1	1256489833
8	266	1	1259748105
10	266	1	1294909283
34	266	1	1302416664
11	266	1	1318771990
10	266	1	1319820062
53	266	1	1331583464
33	266	1	1334253526
33	266	1	1345987049
36	266	1	1397374337
3	267	1	1155106059
3	267	1	1155106176
3	267	1	1155106250
3	267	1	1155110525
3	267	1	1155110719
3	267	1	1155110807
3	267	1	1155111018
3	267	1	1155111072
3	267	1	1155111156
3	267	1	1155111182
3	267	1	1155111304
3	267	1	1155111381
3	267	1	1155111418
3	267	1	1155123163
3	267	1	1155129937
3	267	1	1155129948
3	267	1	1155130418
3	267	1	1155130656
3	267	1	1155130721
3	267	1	1155130799
3	267	1	1155130951
3	267	1	1155130994
3	267	1	1155131908
3	267	1	1155132024
3	267	1	1155132072
3	267	1	1155132289
3	267	1	1155132386
3	267	1	1155132405
3	267	1	1155132475
3	267	1	1155132602
3	267	1	1155132806
3	267	1	1155133102
3	267	1	1155133198
3	267	1	1155133217
3	267	1	1155133254
3	267	1	1155133489
3	267	1	1155133520
3	267	1	1155133635
3	267	1	1155199621
5	267	1	1176069474
42	267	1	1200823720
6	267	1	1303484666
6	267	1	1365242995
3	268	1	1155130070
3	268	1	1155130123
3	268	1	1155137426
3	268	1	1155138570
3	268	1	1155138590
3	268	1	1155138712
3	268	1	1155138743
3	268	1	1155152557
3	268	1	1155904318
3	268	1	1155904342
3	269	1	1155130095
3	269	1	1155130160
26	269	1	1189282268
26	269	1	1190473105
26	269	1	1193510953
26	269	1	1196099869
26	269	1	1200397717
26	269	1	1204362846
26	269	1	1237283572
10	269	1	1256507606
10	269	1	1256526898
46	269	1	1258470570
10	269	1	1267847342
34	269	1	1303857334
10	269	1	1319814085
10	269	1	1330416781
33	269	1	1345280840
33	269	1	1351441001
33	269	1	1357118689
36	269	1	1397063645
3	270	1	1155130832
3	270	1	1155139183
46	270	1	1239102899
3	271	1	1155131063
3	271	1	1155131086
10	271	1	1288782544
3	272	1	1155131124
3	272	1	1155137016
3	273	1	1155131147
3	273	1	1155131158
10	273	1	1319774774
30	273	1	1327800206
33	273	1	1333642358
36	273	1	1397528603
3	274	1	1155131198
3	275	1	1155131222
10	275	1	1319777640
3	276	1	1155131258
3	276	1	1155131348
26	276	1	1189282905
26	276	1	1191266550
26	276	1	1197195673
26	276	1	1211481746
44	276	1	1220677817
10	276	1	1254217579
10	276	1	1256504864
27	276	1	1262575659
10	276	1	1275768339
10	276	1	1279133723
10	276	1	1288566839
10	276	1	1294907420
42	276	1	1310839552
10	276	1	1359376804
36	276	1	1397581222
3	277	1	1155131414
3	278	1	1155131438
62	278	1	1237314792
26	278	1	1239040332
10	278	1	1288786197
34	278	1	1303850610
35	278	1	1314575248
10	278	1	1319777319
31	278	1	1397259172
3	279	1	1155131461
3	280	1	1155131493
3	281	1	1155131518
3	281	1	1155131527
26	281	1	1189630915
26	281	1	1203361607
26	281	1	1211270891
44	281	1	1224799546
26	281	1	1237281870
26	281	1	1238265964
89	281	1	1241979984
10	281	1	1256506795
46	281	1	1268671020
10	281	1	1288572115
27	281	1	1289013657
35	281	1	1310316602
35	281	1	1314571794
34	281	1	1322665118
10	281	1	1330451477
33	281	1	1334674791
33	281	1	1340288225
33	281	1	1343426912
63	281	1	1363159934
10	281	1	1370206008
36	281	1	1397064108
3	282	1	1155131553
5	282	1	1182880653
26	282	1	1193467339
26	282	1	1211267402
6	282	1	1303395449
68	282	1	1305481741
35	282	1	1310431893
10	282	1	1319777150
34	282	1	1322664913
10	282	1	1330429758
53	282	1	1333466221
33	282	1	1357135887
10	282	1	1370205984
36	282	1	1397060469
3	283	1	1155131586
26	283	1	1191267994
26	283	1	1200400298
26	283	1	1239033786
26	283	1	1242808426
10	283	1	1254218873
8	283	1	1258543248
10	283	1	1297685601
33	283	1	1336929912
36	283	1	1397529489
3	284	1	1155131610
5	284	1	1177746571
26	284	1	1191391790
26	284	1	1192346904
26	284	1	1200558873
26	284	1	1211799127
26	284	1	1220275395
26	284	1	1229607967
10	284	1	1256468171
8	284	1	1259749146
33	284	1	1267815259
44	284	1	1270844411
10	284	1	1272190951
10	284	1	1280986631
33	284	1	1345284356
36	284	1	1397543202
3	285	1	1155131684
3	285	1	1155131701
10	285	1	1265194045
10	285	1	1267930211
10	285	1	1288784925
10	285	1	1291637576
90	285	1	1354409629
10	285	1	1359454054
36	285	1	1397551160
3	286	1	1155131718
3	286	1	1155131730
3	287	1	1155131782
3	288	1	1155133705
3	288	1	1155133740
3	288	1	1155133755
3	288	1	1155133791
3	288	1	1155152886
3	288	1	1155152896
3	288	1	1155152911
3	288	1	1155152924
26	288	1	1194810065
26	288	1	1200393824
26	288	1	1220275653
33	288	1	1268586542
49	288	1	1377669394
88	288	1	1395089913
12	288	1	1438684057
3	289	1	1155133830
3	289	1	1155133844
3	289	1	1155137456
10	289	1	1330455463
33	289	1	1345293917
33	289	1	1346490031
30	289	1	1366011511
12	289	1	1438684067
3	290	1	1155133859
3	290	1	1155136457
3	291	1	1155133890
10	291	1	1319777606
36	291	1	1397603180
3	292	1	1155133924
3	292	1	1155134013
3	292	1	1155134025
26	292	1	1194808792
10	292	1	1256521420
35	292	1	1310429357
10	292	1	1359455222
10	292	1	1370211482
31	292	1	1397260373
3	293	1	1155134439
3	293	1	1155134452
3	294	1	1155134483
3	294	1	1155134493
10	294	1	1319777639
33	294	1	1335366899
33	294	1	1335799164
10	294	1	1370206580
12	294	1	1438684077
3	295	1	1155134522
10	295	1	1319777565
34	295	1	1322676711
10	295	1	1370227838
12	295	1	1438684088
3	296	1	1155134588
3	296	1	1155134612
3	297	1	1155134711
3	297	1	1155134730
3	298	1	1155134748
3	298	1	1155134761
3	298	1	1155134775
3	298	1	1155134809
3	299	1	1155134822
3	300	1	1155134884
3	300	1	1155134900
3	301	1	1155134938
3	301	1	1155134958
3	301	1	1155135053
26	301	1	1189282343
26	301	1	1203700889
10	301	1	1265194224
10	301	1	1275774195
10	301	1	1291622688
10	301	1	1378915401
31	301	1	1397258049
3	302	1	1155135114
3	303	1	1155135179
3	303	1	1155135202
26	303	1	1189282895
26	303	1	1191261687
26	303	1	1204375686
62	303	1	1237301328
10	303	1	1254212329
33	303	1	1268247046
34	303	1	1299035557
6	303	1	1320692287
10	303	1	1330485949
10	303	1	1330515333
33	303	1	1342270873
33	303	1	1342807669
31	303	1	1397260473
3	304	1	1155135227
3	304	1	1155135245
3	305	1	1155135253
3	305	1	1155135263
26	305	1	1189282428
26	305	1	1192129510
26	305	1	1193479608
26	305	1	1211459890
26	305	1	1220190735
26	305	1	1237286506
26	305	1	1242581062
26	305	1	1243672460
10	305	1	1254223376
10	305	1	1256501278
8	305	1	1259752643
46	305	1	1268674842
33	305	1	1269445068
57	305	1	1326324922
10	305	1	1330427289
10	305	1	1359373831
31	305	1	1397260073
3	306	1	1155135485
3	307	1	1155135571
3	307	1	1155135627
26	307	1	1189282601
26	307	1	1203448878
26	307	1	1205659803
26	307	1	1238856422
26	307	1	1239277665
26	307	1	1240740977
46	307	1	1246876269
10	307	1	1254216309
8	307	1	1258048922
10	307	1	1265194579
27	307	1	1274452666
10	307	1	1285330717
10	307	1	1288561134
34	307	1	1303856125
30	307	1	1366006835
36	307	1	1397551117
3	308	1	1155135652
3	308	1	1155135664
26	308	1	1194810349
26	308	1	1220257644
10	308	1	1256521897
10	308	1	1265194264
27	308	1	1292988240
57	308	1	1325347014
29	308	1	1350489190
12	308	1	1438684098
3	309	1	1155135690
3	310	1	1155135761
3	310	1	1155135769
3	311	1	1155135825
26	311	1	1191272087
26	311	1	1193476956
26	311	1	1200410641
26	311	1	1203494846
26	311	1	1220264741
26	311	1	1231069162
26	311	1	1237652365
26	311	1	1238860176
26	311	1	1242669546
26	311	1	1244027433
10	311	1	1254223143
10	311	1	1256523679
10	311	1	1265194408
33	311	1	1268587663
10	311	1	1280991580
10	311	1	1288563182
6	311	1	1303395964
35	311	1	1315342622
33	311	1	1334595451
29	311	1	1343684971
36	311	1	1397496767
3	312	1	1155135875
3	312	1	1155135882
3	313	1	1155135963
3	313	1	1155136064
26	313	1	1189281683
26	313	1	1191355459
26	313	1	1205568369
26	313	1	1220274745
44	313	1	1223699518
26	313	1	1238265423
26	313	1	1244016671
10	313	1	1256521827
8	313	1	1259748807
10	313	1	1319774750
49	313	1	1377546186
36	313	1	1397517703
3	314	1	1155136108
3	315	1	1155136152
3	316	1	1155136161
91	316	1	1195984063
3	317	1	1155136167
80	317	1	1291403532
3	318	1	1155136235
3	318	1	1155136251
3	319	1	1155136281
3	320	1	1155136291
3	320	1	1155145071
3	320	1	1155147071
80	320	1	1291403564
3	321	1	1155136297
3	322	1	1155136368
3	322	1	1155136376
26	322	1	1189282468
26	322	1	1191355974
26	322	1	1227966646
10	322	1	1256465064
39	322	1	1285962827
36	322	1	1397516674
3	323	1	1155136479
3	323	1	1155136492
26	323	1	1189281722
26	323	1	1192375720
26	323	1	1211454367
45	323	1	1237217133
26	323	1	1243426822
34	323	1	1301502849
29	323	1	1350910465
33	323	1	1357123020
10	323	1	1370205608
36	323	1	1397402741
3	324	1	1155136576
3	324	1	1155136727
26	324	1	1189282548
26	324	1	1191355074
26	324	1	1194810715
26	324	1	1209828445
26	324	1	1220275217
26	324	1	1242718678
10	324	1	1279174326
34	324	1	1300779230
34	324	1	1306456853
53	324	1	1329517492
10	324	1	1330445213
53	324	1	1331549179
33	324	1	1339320674
36	324	1	1397519807
3	325	1	1155136617
3	325	1	1155137045
3	325	1	1155137634
10	325	1	1288784219
3	326	1	1155136629
26	326	1	1194808349
26	326	1	1221902758
46	326	1	1246387814
10	326	1	1256520978
10	326	1	1279142841
33	326	1	1342855436
49	326	1	1376766671
31	326	1	1397258409
3	327	1	1155136767
3	328	1	1155136792
3	329	1	1155136866
5	329	1	1171144852
26	329	1	1189281959
26	329	1	1192450410
26	329	1	1207911051
26	329	1	1208595843
62	329	1	1237534813
26	329	1	1238266203
8	329	1	1258539401
10	329	1	1288793613
34	329	1	1299029097
35	329	1	1310308648
35	329	1	1315349320
10	329	1	1330441477
33	329	1	1342114322
33	329	1	1347098986
36	329	1	1397005952
3	330	1	1155136917
3	330	1	1155136955
3	330	1	1155137127
3	330	1	1155137210
26	330	1	1189282393
26	330	1	1191345863
26	330	1	1195751858
26	330	1	1225038320
26	330	1	1244016149
10	330	1	1254227424
10	330	1	1265194153
34	330	1	1300777014
10	330	1	1330455312
10	330	1	1359487434
31	330	1	1397841412
75	330	1	1399322822
3	331	1	1155136980
3	332	1	1155137089
3	333	1	1155137185
10	333	1	1288806226
10	333	1	1359455211
36	333	1	1397382290
3	334	1	1155137259
26	334	1	1220255570
44	334	1	1221256887
10	334	1	1256521200
10	334	1	1281038594
10	334	1	1281087446
34	334	1	1292552791
34	334	1	1305238069
34	334	1	1322675779
33	334	1	1333638450
6	334	1	1360497633
36	334	1	1397428619
3	335	1	1155137315
3	336	1	1155137389
3	336	1	1155137410
26	336	1	1194808688
26	336	1	1208600247
26	336	1	1220256044
26	336	1	1237623117
8	336	1	1258048509
10	336	1	1267870442
34	336	1	1299206169
34	336	1	1300769528
33	336	1	1339171409
30	336	1	1366004988
31	336	1	1397258459
3	337	1	1155137532
10	337	1	1359455313
3	338	1	1155137556
3	339	1	1155137597
10	339	1	1319777581
29	339	1	1350890779
10	339	1	1370204905
36	339	1	1397549655
3	340	1	1155137668
10	340	1	1319768556
31	340	1	1397256748
3	341	1	1155137693
10	341	1	1288800062
34	341	1	1302409675
12	341	1	1438684107
3	342	1	1155138967
30	342	1	1326807191
10	342	1	1330450331
33	342	1	1343429430
33	342	1	1351439740
12	342	1	1438684117
3	343	1	1155139580
3	343	1	1155139691
3	343	1	1155139737
3	343	1	1155139770
3	343	1	1155139916
3	343	1	1155139956
3	343	1	1155140462
3	343	1	1155140870
3	343	1	1155140947
3	343	1	1155141146
3	343	1	1155141475
3	343	1	1155153042
47	343	1	1265192519
48	343	1	1265193536
12	343	1	1438684127
3	344	1	1155141548
26	344	1	1189282363
26	344	1	1189675083
26	344	1	1200339191
26	344	1	1206620174
26	344	1	1228566084
62	344	1	1237142545
10	344	1	1256475338
10	344	1	1256546720
10	344	1	1279129745
10	344	1	1285332938
10	344	1	1288812389
10	344	1	1294906503
10	344	1	1300330958
35	344	1	1315272328
34	344	1	1318972402
10	344	1	1330424811
33	344	1	1347118420
33	344	1	1347800249
36	344	1	1397416285
3	345	1	1155141635
3	345	1	1155141732
26	345	1	1189283025
26	345	1	1194809690
10	345	1	1288797662
35	345	1	1315266713
10	345	1	1330419053
33	345	1	1334162551
31	345	1	1397259273
3	346	1	1155141776
3	346	1	1155141926
3	346	1	1155141945
3	346	1	1155142021
71	346	1	1174782294
26	346	1	1189281838
26	346	1	1189629662
26	346	1	1191253241
26	346	1	1192351464
26	346	1	1199886088
26	346	1	1242721797
26	346	1	1243672960
46	346	1	1258505044
10	346	1	1265194328
10	346	1	1272194704
10	346	1	1285332161
10	346	1	1300279824
35	346	1	1310333737
10	346	1	1319813216
33	346	1	1334763695
31	346	1	1397258709
3	347	1	1155142141
3	347	1	1155142154
26	347	1	1189282458
26	347	1	1192374187
10	347	1	1256470433
10	347	1	1281037410
10	347	1	1288790913
10	347	1	1291574944
35	347	1	1315270238
79	347	1	1321004799
33	347	1	1334597831
29	347	1	1346751574
10	347	1	1370204223
10	347	1	1378760544
92	347	1	1397253023
3	348	1	1155142236
3	348	1	1155142248
26	348	1	1189282197
26	348	1	1239036455
10	348	1	1254230672
10	348	1	1256479510
10	348	1	1256503119
10	348	1	1256549984
52	348	1	1273992872
10	348	1	1275762606
34	348	1	1292557061
10	348	1	1319764913
10	348	1	1330464647
10	348	1	1370227663
36	348	1	1397555655
3	349	1	1155142329
3	349	1	1155142456
3	349	1	1155142489
3	349	1	1155142558
3	349	1	1155143941
55	349	1	1384288934
3	350	1	1155142582
3	350	1	1155142679
3	350	1	1155142709
3	350	1	1155143070
3	350	1	1155143169
3	350	1	1155143769
3	350	1	1155143827
3	350	1	1155143884
3	351	1	1155144607
3	352	1	1155144619
55	352	1	1384171485
3	353	1	1155145085
3	353	1	1155145161
3	354	1	1155145095
3	354	1	1155145176
3	355	1	1155145146
3	356	1	1155145609
3	356	1	1155145629
5	356	1	1177746595
26	356	1	1191253480
10	356	1	1256520635
10	356	1	1256641327
10	356	1	1288794827
34	356	1	1318969431
31	356	1	1397258809
3	357	1	1155145830
3	357	1	1155145846
26	357	1	1191255202
26	357	1	1221986950
26	357	1	1243677053
10	357	1	1256507326
10	357	1	1288784061
10	357	1	1288786393
35	357	1	1315282808
10	357	1	1319768683
12	357	1	1438684138
3	358	1	1155145886
26	358	1	1189282765
10	358	1	1254177772
10	358	1	1256514232
10	358	1	1256591750
10	358	1	1288793875
10	358	1	1288811886
34	358	1	1314615771
57	358	1	1324043959
6	358	1	1328279834
33	358	1	1336058025
33	358	1	1345284961
31	358	1	1397259070
3	359	1	1155145942
26	359	1	1189282448
26	359	1	1193478476
26	359	1	1196151714
26	359	1	1211731946
26	359	1	1220269427
26	359	1	1242718878
10	359	1	1256468866
10	359	1	1272245848
10	359	1	1275768848
10	359	1	1288797575
28	359	1	1293538360
34	359	1	1301624892
34	359	1	1302421704
10	359	1	1319948961
57	359	1	1324050023
12	359	1	1438684147
3	360	1	1155145996
29	360	1	1343702393
3	361	1	1155146013
26	361	1	1189281712
26	361	1	1192356511
26	361	1	1244889746
93	361	1	1247333512
10	361	1	1254222112
10	361	1	1265194120
33	361	1	1271873083
10	361	1	1275784979
10	361	1	1285345774
10	361	1	1288578814
41	361	1	1301322402
34	361	1	1303851775
94	361	1	1324026582
30	361	1	1327796534
29	361	1	1352317928
49	361	1	1377636758
31	361	1	1397258659
3	362	1	1155146297
26	362	1	1191076239
31	362	1	1397256798
3	363	1	1155147488
3	363	1	1155147556
3	363	1	1155147585
26	363	1	1191355914
26	363	1	1203499000
26	363	1	1208116320
26	363	1	1211793916
44	363	1	1223699692
26	363	1	1238265573
26	363	1	1238850286
10	363	1	1279132762
10	363	1	1285336315
10	363	1	1291599525
79	363	1	1320934667
33	363	1	1333642429
33	363	1	1341312953
29	363	1	1343339009
29	363	1	1349828823
10	363	1	1370221004
36	363	1	1397516937
3	364	1	1155147633
3	364	1	1155904367
35	364	1	1315350575
57	364	1	1333477711
33	364	1	1333637531
36	364	1	1397530542
3	365	1	1155147651
57	365	1	1333477198
33	365	1	1335796645
33	365	1	1352111078
36	365	1	1397394224
3	366	1	1155147665
26	366	1	1194810805
26	366	1	1226156666
10	366	1	1256626480
44	366	1	1270844281
10	366	1	1279143640
34	366	1	1299042181
34	366	1	1301624296
34	366	1	1314630243
57	366	1	1321033691
33	366	1	1335367481
29	366	1	1371243687
49	366	1	1377545566
36	366	1	1397562710
3	367	1	1155147687
29	367	1	1343702275
3	368	1	1155147746
68	368	1	1302338949
57	368	1	1322775811
63	368	1	1363159579
10	368	1	1370376497
12	368	1	1438684157
12	368	1	1464598213
3	369	1	1155147784
26	369	1	1194808957
26	369	1	1204367934
26	369	1	1243420721
8	369	1	1258048495
10	369	1	1288785855
10	369	1	1297687724
34	369	1	1301616903
49	369	1	1377637249
31	369	1	1397257549
3	370	1	1155147798
33	370	1	1333638389
12	370	1	1438684169
3	371	1	1155147810
10	371	1	1256521574
68	371	1	1301223693
95	371	1	1390754025
12	371	1	1438684177
3	372	1	1155147944
29	372	1	1343702334
3	373	1	1155147959
29	373	1	1343702216
3	374	1	1155147979
3	375	1	1155148023
26	375	1	1194808281
46	375	1	1246387956
10	375	1	1256590984
68	375	1	1300576077
34	375	1	1301499664
33	375	1	1338620114
3	376	1	1155148505
3	376	1	1155148519
6	376	1	1303385158
10	376	1	1319777324
3	377	1	1155148681
3	377	1	1155148696
26	377	1	1194809767
10	377	1	1229652091
10	377	1	1256511278
10	377	1	1256625969
10	377	1	1272245718
34	377	1	1300778598
29	377	1	1343641806
36	377	1	1397499476
3	378	1	1155148721
3	378	1	1155148846
3	378	1	1155148937
3	378	1	1155148951
26	378	1	1194810635
26	378	1	1203693681
26	378	1	1243437511
96	378	1	1254742267
10	378	1	1256554795
10	378	1	1256595449
10	378	1	1256615459
10	378	1	1288783861
41	378	1	1301187030
34	378	1	1317466857
10	378	1	1319776924
33	378	1	1358078782
36	378	1	1397285009
3	379	1	1155148977
3	380	1	1155148993
3	381	1	1155149021
3	382	1	1155149056
3	382	1	1155149179
3	382	1	1155149223
3	382	1	1155149244
3	382	1	1155149283
3	382	1	1155149335
3	382	1	1155149356
71	382	1	1174782157
26	382	1	1189282009
26	382	1	1193471855
26	382	1	1195376420
26	382	1	1197131060
26	382	1	1197226839
26	382	1	1203365148
26	382	1	1206617222
26	382	1	1220190932
26	382	1	1221986627
26	382	1	1230988822
10	382	1	1256498825
10	382	1	1279134178
10	382	1	1280994535
10	382	1	1288567192
34	382	1	1301501328
6	382	1	1310994226
33	382	1	1334598111
33	382	1	1338108481
63	382	1	1355799215
10	382	1	1359442766
10	382	1	1370364369
49	382	1	1376768423
36	382	1	1397579617
3	383	1	1155149676
3	383	1	1155149694
3	383	1	1155149743
26	383	1	1191258325
26	383	1	1203698154
10	383	1	1254182853
10	383	1	1256618576
33	383	1	1357226919
31	383	1	1397259773
3	384	1	1155149785
29	384	1	1343702136
3	385	1	1155149809
6	385	1	1360414980
31	385	1	1397258931
3	386	1	1155149822
26	386	1	1194808422
26	386	1	1199875081
26	386	1	1203690963
26	386	1	1221897172
10	386	1	1256613362
10	386	1	1275774153
10	386	1	1275783597
34	386	1	1300776542
33	386	1	1342857552
10	386	1	1359454587
36	386	1	1397545267
3	387	1	1155149836
26	387	1	1194808380
27	387	1	1285639958
34	387	1	1299210985
10	387	1	1319813503
31	387	1	1397258289
3	388	1	1155149849
3	388	1	1155225100
10	388	1	1256521552
10	388	1	1281001947
27	388	1	1285640111
27	388	1	1287973141
10	388	1	1291593267
33	388	1	1357129852
36	388	1	1397540920
3	389	1	1155149969
10	389	1	1256594059
10	389	1	1279143660
33	389	1	1335283529
12	389	1	1438684187
3	390	1	1155149987
3	390	1	1155149999
29	390	1	1343702532
33	390	1	1344081541
33	390	1	1346493124
33	390	1	1351942923
10	390	1	1379203584
12	390	1	1438684198
3	391	1	1155150010
26	391	1	1194809305
26	391	1	1204376570
26	391	1	1211471309
44	391	1	1221259255
26	391	1	1242679000
10	391	1	1256537095
10	391	1	1256625324
10	391	1	1272245007
10	391	1	1279143287
10	391	1	1319775841
12	391	1	1438684207
3	392	1	1155150086
26	392	1	1194810459
26	392	1	1199883902
26	392	1	1203448677
26	392	1	1237656542
10	392	1	1254230420
8	392	1	1259748661
33	392	1	1275215371
10	392	1	1285331067
10	392	1	1288797044
10	392	1	1291574191
34	392	1	1301625800
33	392	1	1345283582
33	392	1	1357118951
10	392	1	1359463985
36	392	1	1397575205
3	393	1	1155150537
3	393	1	1155150558
3	393	1	1155150566
3	393	1	1155150588
3	393	1	1155150708
3	393	1	1155150726
26	393	1	1194808532
44	393	1	1221255191
10	393	1	1272241982
10	393	1	1288787229
35	393	1	1315271909
57	393	1	1324067153
33	393	1	1345293117
10	393	1	1359455049
31	393	1	1397256698
3	394	1	1155150750
6	394	1	1320692184
3	395	1	1155150781
3	396	1	1155151006
3	396	1	1155151329
3	396	1	1155151598
3	396	1	1155151699
3	396	1	1155152574
47	396	1	1265192513
48	396	1	1265193796
12	396	1	1438684218
3	397	1	1155190437
26	397	1	1191250641
31	397	1	1397258229
3	398	1	1155190475
26	398	1	1225034726
26	398	1	1242743663
10	398	1	1254168252
10	398	1	1256473453
10	398	1	1256537434
10	398	1	1256562705
8	398	1	1259747232
10	398	1	1272203310
10	398	1	1279129010
10	398	1	1279163630
49	398	1	1376776752
36	398	1	1397579774
3	399	1	1155190493
3	399	1	1155190537
29	399	1	1343701924
3	400	1	1155190568
10	400	1	1378808337
10	400	1	1379199465
31	400	1	1397257008
3	401	1	1155190869
3	401	1	1155191178
26	401	1	1191262408
12	401	1	1438684228
3	402	1	1155191296
10	402	1	1275804897
12	402	1	1438684238
3	403	1	1155194332
26	403	1	1199536034
26	403	1	1205662369
26	403	1	1229592187
62	403	1	1241357662
26	403	1	1242672071
10	403	1	1254221465
41	403	1	1301154182
33	403	1	1348312049
27	403	1	1354158768
10	403	1	1378761997
31	403	1	1397257068
3	404	1	1155194837
3	404	1	1155194846
26	404	1	1223799354
26	404	1	1229592277
26	404	1	1237652572
10	404	1	1279158985
10	404	1	1280994232
10	404	1	1291650115
10	404	1	1294909553
10	404	1	1319814569
33	404	1	1333640384
29	404	1	1350739075
13	404	1	1433610725
12	404	1	1438684248
3	405	1	1155224444
3	405	1	1155224461
29	405	1	1343702490
3	406	1	1155224518
3	406	1	1155224530
26	406	1	1189281879
26	406	1	1191523857
26	406	1	1192138224
26	406	1	1220186828
26	406	1	1237282090
26	406	1	1242574436
26	406	1	1251276705
10	406	1	1256465989
8	406	1	1259753357
27	406	1	1266549913
10	406	1	1272327828
34	406	1	1314576519
57	406	1	1325010469
36	406	1	1397392151
3	407	1	1155224600
26	407	1	1191347901
46	407	1	1246387774
10	407	1	1267853272
34	407	1	1301623061
33	407	1	1345282576
29	407	1	1346817331
33	407	1	1347694569
10	407	1	1359487766
31	407	1	1397258910
3	408	1	1155224900
10	408	1	1288781646
3	409	1	1155225063
6	409	1	1360415044
6	409	1	1360415056
10	409	1	1370211308
12	409	1	1438684258
3	410	1	1155225084
3	411	1	1155278767
3	411	1	1155279048
3	411	1	1155279058
3	411	1	1155279097
3	411	1	1155279111
3	411	1	1155279130
26	411	1	1189281828
26	411	1	1196166081
26	411	1	1226151411
42	411	1	1244557928
10	411	1	1254227843
10	411	1	1272208395
33	411	1	1334333588
33	411	1	1352112594
33	411	1	1357136712
10	411	1	1370211604
36	411	1	1397527462
3	412	1	1155902467
3	412	1	1155902489
26	412	1	1189254337
10	412	1	1281002524
35	412	1	1310434901
10	412	1	1319771620
34	412	1	1322666658
31	412	1	1397257448
6	412	1	1403955833
3	413	1	1156957878
3	413	1	1156957956
3	413	1	1156958028
3	413	1	1156958082
3	413	1	1156958101
3	413	1	1156958129
6	413	1	1365243024
24	414	1	1158698270
6	416	1	1303484499
6	416	1	1326398987
58	417	1	1165599837
58	418	1	1165599861
3	419	1	1168353251
3	419	1	1168353272
5	421	1	1171145081
5	421	1	1177747393
5	421	1	1178806745
5	421	1	1191350065
5	421	1	1201631815
5	423	1	1171381574
5	423	1	1177506643
13	423	1	1339236634
11	423	1	1339527899
13	423	1	1394174904
97	425	1	1171999463
97	426	1	1171999767
78	428	1	1174587840
22	428	1	1225271648
71	430	1	1174769141
5	431	1	1176069474
5	432	1	1176070309
5	433	1	1176218153
5	434	1	1177747374
26	434	1	1189631378
26	434	1	1191250022
26	434	1	1193469627
26	434	1	1211277874
10	434	1	1229635142
26	434	1	1238850597
26	434	1	1243673441
26	434	1	1251279132
10	434	1	1254172264
26	434	1	1262363466
10	434	1	1279124469
10	434	1	1285344088
39	434	1	1287166458
6	434	1	1303384880
76	434	1	1315362622
76	434	1	1315364832
10	434	1	1319811309
33	434	1	1334675582
33	434	1	1339311412
33	434	1	1343427391
33	434	1	1357115108
10	434	1	1370203404
31	434	1	1397257328
5	435	1	1178806648
6	435	1	1303483710
13	435	1	1360452781
13	435	1	1360452803
42	436	1	1182267762
15	437	1	1189247711
15	437	1	1219776092
15	438	1	1189247842
15	439	1	1189248020
15	439	1	1189281251
1	439	1	1213141276
15	439	1	1213204689
15	440	1	1189248060
1	440	1	1213141277
3	441	1	1155131737
3	441	1	1155131748
3	441	1	1155131764
26	441	1	1189253931
26	441	1	1189281506
26	441	1	1211442837
10	441	1	1275774462
33	441	1	1357127516
10	441	1	1359454038
12	441	1	1438684268
48	442	1	1254181856
48	442	1	1255552803
48	442	1	1255552849
22	442	1	1260789633
98	443	1	1192005763
98	444	1	1192005789
22	445	1	1192843413
22	445	1	1329592023
91	446	1	1193960262
91	446	1	1217587991
99	447	1	1195828976
100	448	1	1196731018
101	449	1	1198360960
101	450	1	1198360965
54	451	1	1199001946
54	452	1	1199001947
47	453	1	1199113757
5	454	1	1201631703
6	454	1	1303394689
13	454	1	1360622460
13	454	1	1360675567
5	455	1	1201631721
13	455	1	1360523217
13	455	1	1360675525
5	456	1	1201631898
6	456	1	1303394571
6	456	1	1303394643
6	456	1	1303394744
6	456	1	1303485347
13	456	1	1360521664
13	456	1	1360522927
13	456	1	1360523007
13	456	1	1360523279
13	456	1	1360622306
13	456	1	1360675607
102	457	1	1202432137
102	458	1	1202432143
103	459	1	1204897499
104	459	1	1334639183
105	460	1	1206643256
106	461	1	1209007982
106	462	1	1209007991
107	463	1	1209169086
108	464	1	1209854473
109	465	1	1211755326
109	466	1	1211755397
110	467	1	1212089521
22	467	1	1277173950
22	467	1	1277175340
111	468	1	1212287012
112	469	1	1212354326
1	470	1	1213141276
1	471	1	1213141277
113	472	1	1213741070
113	472	1	1213785927
113	472	1	1261739442
113	472	1	1264521775
113	472	1	1293285512
113	472	1	1372514764
113	473	1	1214151020
114	474	1	1219260453
115	475	1	1220659595
115	476	1	1220659605
115	477	1	1220659613
115	478	1	1220659622
115	479	1	1220659630
115	480	1	1220659640
115	481	1	1220659648
115	482	1	1220659656
115	483	1	1220671360
115	484	1	1220671375
115	485	1	1220671392
115	486	1	1220671405
115	487	1	1220671419
115	488	1	1220671431
115	489	1	1220671445
115	490	1	1220671458
115	491	1	1220671474
22	491	1	1421019079
102	492	1	1221620372
22	492	1	1225432458
116	493	1	1222623219
22	494	1	1225174563
117	495	1	1225318389
117	496	1	1225323035
22	497	1	1225343578
117	498	1	1225371990
117	499	1	1225377578
117	499	1	1226321566
117	500	1	1225392605
117	501	1	1225392660
22	502	1	1225408257
117	503	1	1225459339
117	503	1	1225570731
117	503	1	1225589093
117	503	1	1225601120
117	503	1	1225657300
117	503	1	1225683890
117	503	1	1225730846
117	503	1	1225776306
117	503	1	1225839512
117	503	1	1225863384
117	503	1	1225882192
117	503	1	1226014390
117	503	1	1226380982
117	503	1	1226501581
117	503	1	1227105059
117	503	1	1227879306
117	503	1	1229414699
117	503	1	1230231564
117	503	1	1230241703
117	503	1	1230769941
117	503	1	1231589468
117	503	1	1232070644
117	503	1	1232474829
117	503	1	1232483912
117	503	1	1233059323
117	503	1	1233100495
117	503	1	1233125368
117	503	1	1233211689
117	503	1	1233557797
117	503	1	1234452944
117	503	1	1234952083
117	503	1	1235329521
117	503	1	1235497905
117	503	1	1236129524
117	503	1	1237341085
117	503	1	1238046810
117	503	1	1238719717
117	503	1	1240464435
22	504	1	1225532124
22	505	1	1225586545
22	506	1	1225682450
22	507	1	1225773956
22	508	1	1225863444
117	509	1	1225933704
117	510	1	1225945664
117	511	1	1225962085
117	511	1	1226312550
117	512	1	1226239304
118	513	1	1226495498
22	514	1	1226545500
22	515	1	1227251873
22	516	1	1227886397
48	517	1	1229701248
48	518	1	1229701625
119	519	1	1229953238
22	520	1	1234152324
22	521	1	1234567282
22	522	1	1235277412
22	523	1	1235281272
117	524	1	1237303245
22	525	1	1237617971
46	526	1	1238740473
46	527	1	1238740483
22	528	1	1239507583
22	529	1	1239580584
22	530	1	1239584119
22	531	1	1240009659
22	532	1	1240017291
22	534	1	1240082363
22	535	1	1240089997
120	536	1	1242925146
121	537	1	1246047113
121	538	1	1246047121
121	539	1	1246047125
122	540	1	1246815882
123	540	1	1429228377
124	541	1	1248107766
22	542	1	1251839312
22	543	1	1252737127
22	544	1	1252745931
22	545	1	1252817482
48	546	1	1255552892
22	546	1	1260789789
125	547	1	1257285186
38	548	1	1257635395
38	548	1	1257635507
38	549	1	1257635974
38	549	1	1257636110
38	549	1	1257636179
10	549	1	1319777216
31	549	1	1397257649
8	550	1	1258042346
8	550	1	1291929192
126	551	1	1260045936
104	551	1	1334638472
127	552	1	1260522220
128	553	1	1262687324
128	553	1	1262687846
128	553	1	1262688649
22	554	1	1264238170
22	555	1	1264292722
6	556	1	1288292578
105	557	1	1264354418
22	558	1	1264390153
22	559	1	1264468181
22	560	1	1264474017
22	561	1	1264552770
22	562	1	1264722031
22	563	1	1264732986
22	564	1	1264919754
22	565	1	1264922250
22	566	1	1264923896
51	567	1	1265180852
129	568	1	1265720325
6	568	1	1288292411
10	568	1	1319764277
130	568	1	1332753056
29	568	1	1371244824
49	568	1	1377668412
36	568	1	1397509040
33	569	1	1266219705
22	570	1	1266707092
22	570	1	1379474060
22	571	1	1266718094
131	572	1	1268601445
132	573	1	1269278384
133	574	1	1269499949
134	575	1	1269694308
45	576	1	1270196750
45	576	1	1379184648
45	577	1	1270471456
45	577	1	1379184652
45	578	1	1270660532
45	578	1	1379184655
65	579	1	1274794934
10	579	1	1319777536
6	579	1	1360409849
36	579	1	1397566894
135	580	1	1276237265
22	581	1	1276992919
22	582	1	1277066724
22	583	1	1277159472
22	584	1	1277168460
22	585	1	1277179418
22	586	1	1277180898
22	587	1	1277247853
22	588	1	1277579482
22	588	1	1289087855
136	588	1	1308761055
136	588	1	1309106599
136	588	1	1322676362
136	588	1	1356644092
136	588	1	1356694934
22	589	1	1280796286
22	590	1	1280800289
137	591	1	1280960500
137	591	1	1281006334
137	592	1	1281097428
22	593	1	1281149691
22	594	1	1281153792
22	595	1	1281155380
22	596	1	1281158774
137	597	1	1281183048
22	597	1	1289145729
136	597	1	1308799501
136	597	1	1309110370
136	597	1	1356644095
22	598	1	1281233159
22	599	1	1281234930
137	600	1	1281258760
138	601	1	1281990847
138	602	1	1281990859
139	603	1	1282090352
140	603	1	1422983246
139	604	1	1282090363
140	604	1	1422983247
22	605	1	1283021186
22	606	1	1283393732
141	607	1	1283394021
141	607	1	1284616591
99	607	1	1408317608
141	608	1	1283412590
13	609	1	1353022912
13	609	1	1353022943
4	610	1	1285023944
141	611	1	1285794265
142	612	1	1287036618
141	613	1	1287790174
141	614	1	1287863478
6	615	1	1288290404
6	616	1	1288291130
6	616	1	1288291440
6	617	1	1288291166
6	618	1	1288291839
6	618	1	1303386474
6	618	1	1303483328
6	618	1	1360423204
143	618	1	1481182738
6	619	1	1288292155
6	620	1	1288292635
68	620	1	1329488820
29	620	1	1347162460
63	620	1	1360058065
22	621	1	1289158776
22	622	1	1289173438
141	623	1	1289950816
141	623	1	1291479400
141	623	1	1295308247
144	623	1	1328875626
145	623	1	1337664339
145	623	1	1342549136
145	623	1	1349131762
145	623	1	1360201016
80	624	1	1291403826
80	624	1	1291403871
10	624	1	1319777195
33	624	1	1333640706
10	624	1	1370204539
31	624	1	1397257599
28	625	1	1291888977
16	626	1	1292321759
18	626	1	1403936124
146	627	1	1293203387
146	628	1	1293203413
138	629	1	1293737291
147	630	1	1294090450
22	631	1	1296443029
22	631	1	1333238285
148	631	1	1390292305
22	632	1	1296449079
22	633	1	1296529322
22	634	1	1296535377
22	635	1	1296617613
41	636	1	1296648782
22	637	1	1296784446
22	638	1	1298436043
68	639	1	1300794811
22	640	1	1301870278
141	641	1	1302757075
22	642	1	1302978461
138	642	1	1331475507
22	643	1	1302982915
22	644	1	1302994770
22	645	1	1303351447
6	646	1	1303384458
29	646	1	1343612412
31	646	1	1397281400
6	647	1	1303384535
29	647	1	1343612400
31	647	1	1397281439
6	648	1	1303384555
6	649	1	1303384788
6	650	1	1303384890
29	650	1	1343612408
29	650	1	1343613926
31	650	1	1397281479
6	651	1	1303384904
29	651	1	1343612392
29	651	1	1343613912
31	651	1	1397281560
6	652	1	1303384963
6	653	1	1303385018
6	654	1	1303385168
29	654	1	1343612428
31	654	1	1397281880
6	655	1	1303385179
29	655	1	1343612291
31	655	1	1397282060
6	656	1	1303385452
6	657	1	1303385465
29	657	1	1343612452
31	657	1	1397281760
6	658	1	1303385478
29	658	1	1343612371
29	658	1	1343613951
31	658	1	1397282000
6	659	1	1303385604
29	659	1	1343612354
31	659	1	1397281600
6	660	1	1303385620
29	660	1	1343612481
31	660	1	1397281680
6	661	1	1303385670
6	662	1	1303385722
6	663	1	1303394879
6	663	1	1303394895
6	663	1	1303394917
68	663	1	1329488863
10	663	1	1330339022
10	663	1	1330361943
31	663	1	1408304153
6	664	1	1303395211
6	665	1	1303395316
6	666	1	1303395361
6	667	1	1303395623
29	667	1	1343612473
31	667	1	1397281640
6	668	1	1303395634
29	668	1	1343612418
31	668	1	1397281820
6	669	1	1303395874
29	669	1	1343612446
29	669	1	1343613902
31	669	1	1397281720
6	670	1	1303395886
29	670	1	1343612438
29	670	1	1343613932
31	670	1	1397281940
6	671	1	1303396005
68	671	1	1329488472
10	671	1	1330337591
10	671	1	1330346814
10	671	1	1330358274
10	671	1	1330375218
12	671	1	1438684278
6	672	1	1303396410
6	673	1	1303396486
6	674	1	1303396540
149	675	1	1303412577
149	675	1	1316862711
6	676	1	1303483414
6	677	1	1303483440
6	678	1	1303483786
6	679	1	1303483854
6	680	1	1303483879
6	681	1	1303483983
6	682	1	1303484037
6	683	1	1303484073
6	684	1	1303484121
6	685	1	1303484210
6	686	1	1303484335
46	686	1	1308155144
10	686	1	1330341099
29	686	1	1350489835
12	686	1	1438684305
12	686	1	1469101678
6	687	1	1303485401
13	687	1	1360523055
22	688	1	1305157413
22	688	1	1333912191
150	689	1	1306309872
150	689	1	1314536540
141	690	1	1306448678
141	691	1	1306520852
151	692	1	1307397177
152	692	1	1332354836
153	693	1	1307991036
153	693	1	1331368051
153	693	1	1400726119
153	693	1	1423196932
136	694	1	1308809511
136	694	1	1308813615
136	695	1	1308813415
154	696	1	1309518732
154	697	1	1309529465
136	698	1	1309539966
136	699	1	1309542086
22	700	1	1309570777
22	701	1	1309579442
22	702	1	1309583465
22	703	1	1309623464
22	704	1	1309632405
76	705	1	1310367742
6	706	1	1310390845
155	707	1	1313795734
22	708	1	1314242343
22	708	1	1422212562
92	709	1	1314251910
22	710	1	1315763772
22	711	1	1315768244
22	712	1	1315772731
152	713	1	1318457341
22	714	1	1318982146
141	715	1	1319841905
141	715	1	1429212130
6	716	1	1319895009
143	716	1	1481182739
6	717	1	1319895178
29	717	1	1343612363
29	717	1	1343613895
31	717	1	1397281519
156	718	1	1319993134
104	718	1	1334640452
157	718	1	1497569053
6	719	1	1320692347
158	720	1	1320781845
158	721	1	1320782029
159	722	1	1321042015
159	723	1	1321205254
159	724	1	1321205255
159	724	1	1321205336
160	725	1	1321468897
160	725	1	1321468936
160	725	1	1349171696
160	725	1	1351797431
22	727	1	1321763380
22	728	1	1321848747
22	729	1	1321919777
22	730	1	1321923437
22	730	1	1322093399
22	731	1	1321927636
22	731	1	1322095079
136	732	1	1321998935
6	732	1	1322222880
6	732	1	1322222895
161	732	1	1343341853
22	733	1	1322097142
22	734	1	1322098361
22	735	1	1322099610
162	736	1	1322264393
163	737	1	1322394449
22	737	1	1346639726
22	738	1	1323016293
22	739	1	1323046771
22	740	1	1323050419
164	741	1	1325426383
53	741	1	1325438376
104	741	1	1334639791
152	742	1	1325909841
152	742	1	1325966697
22	743	1	1326047829
22	744	1	1326049612
141	745	1	1326328917
6	746	1	1326388758
6	746	1	1326388808
6	746	1	1360493844
6	746	1	1360588638
30	747	1	1326993233
30	747	1	1327006280
30	747	1	1360344252
30	748	1	1326993253
30	748	1	1327003746
30	748	1	1327005098
30	748	1	1360345058
30	748	1	1368047272
152	749	1	1328129734
22	750	1	1329081067
22	751	1	1329096172
152	752	1	1329745146
152	753	1	1329759120
136	754	1	1329832016
136	755	1	1329836371
136	755	1	1356635916
165	756	1	1330389859
22	756	1	1344219723
22	756	1	1344230991
131	757	1	1330560371
138	758	1	1330630376
138	759	1	1330703588
22	760	1	1332040313
82	761	1	1332954676
22	762	1	1333244429
22	763	1	1333419779
22	764	1	1333500627
22	764	1	1333582733
22	765	1	1333587696
22	766	1	1333905527
22	767	1	1333907612
152	768	1	1334112626
22	769	1	1334510284
166	770	1	1335594040
22	771	1	1336323872
152	772	1	1338320295
167	773	1	1338437195
167	773	1	1338440205
167	773	1	1342489640
22	774	1	1338650092
22	775	1	1338656302
22	776	1	1338660788
168	777	1	1338914065
168	777	1	1338915052
168	778	1	1338914067
168	779	1	1338932976
168	779	1	1338933933
168	780	1	1338932977
22	781	1	1339379615
22	782	1	1339993468
152	783	1	1340666405
6	784	1	1340962015
6	784	1	1340962159
6	784	1	1340962212
6	784	1	1340962233
6	784	1	1340962342
6	785	1	1340962308
6	785	1	1340962363
22	786	1	1341259772
22	786	1	1344110681
161	787	1	1343341782
161	788	1	1343341815
169	789	1	1343573920
22	790	1	1344112210
170	791	1	1344322672
22	792	1	1344380437
171	793	1	1346360809
171	794	1	1346432238
104	794	1	1347117128
104	794	1	1360799406
104	795	1	1346446468
22	796	1	1346628245
22	797	1	1346633539
22	798	1	1346637683
172	799	1	1348945877
173	800	1	1441727990
173	800	1	1441728042
138	802	1	1351191897
138	803	1	1351240504
138	804	1	1351247228
138	805	1	1351247237
160	806	1	1351797521
13	807	1	1353022944
16	808	1	1354613367
16	809	1	1354743678
22	810	1	1355088515
22	811	1	1355092268
174	812	1	1355096054
174	812	1	1355096135
22	813	1	1355113357
175	814	1	1355255613
176	815	1	1355726381
42	815	1	1491307607
177	816	1	1355744323
152	817	1	1359581144
152	818	1	1359581258
175	819	1	1359911052
22	820	1	1360031414
178	820	1	1417132052
178	820	1	1487250012
22	821	1	1360035717
13	822	1	1360345716
13	822	1	1360345923
13	822	1	1360346626
13	822	1	1360346720
13	822	1	1360346759
13	822	1	1360347902
13	822	1	1360348210
13	822	1	1360362860
13	822	1	1360362997
13	822	1	1360365122
13	822	1	1360366727
13	822	1	1360366981
13	822	1	1360367110
13	822	1	1360369599
13	822	1	1360370955
13	822	1	1360371038
13	822	1	1360371473
13	822	1	1360371491
13	822	1	1360372309
13	822	1	1360372330
13	822	1	1360372990
13	822	1	1360373262
13	822	1	1360419351
13	822	1	1360511560
13	822	1	1360511589
13	822	1	1360512692
13	822	1	1360512729
13	822	1	1360518625
13	822	1	1360518757
13	822	1	1360519874
13	822	1	1360520228
13	822	1	1360520904
13	822	1	1360608145
13	822	1	1470332514
13	823	1	1360346019
13	824	1	1360346146
13	824	1	1360445092
13	825	1	1360346237
13	825	1	1360445311
13	825	1	1360445483
13	825	1	1360445514
13	826	1	1360346367
13	826	1	1360444691
13	826	1	1360444914
13	826	1	1360445006
13	826	1	1360445614
179	826	1	1433554155
23	826	1	1467231127
23	826	1	1467282716
13	827	1	1360363249
13	827	1	1360363320
13	827	1	1360363382
13	827	1	1360371781
13	827	1	1360373081
13	828	1	1360365996
13	828	1	1360413038
6	828	1	1360414894
13	828	1	1360419735
6	828	1	1360420081
6	828	1	1360420214
11	828	1	1360437814
13	828	1	1360448702
13	828	1	1360453642
13	828	1	1360511883
149	828	1	1378887053
143	828	1	1481182739
13	829	1	1360371094
13	829	1	1360373318
13	829	1	1360373446
13	829	1	1360373636
6	829	1	1360440443
13	829	1	1360442377
13	829	1	1360442664
13	829	1	1360443225
13	829	1	1360443456
13	829	1	1360443522
13	830	1	1360371213
6	831	1	1360409551
6	832	1	1360409797
6	833	1	1360410550
6	833	1	1360410584
6	833	1	1360411077
6	833	1	1360411142
6	833	1	1360411157
13	834	1	1360419559
13	835	1	1360419619
13	836	1	1360451395
13	837	1	1360451437
13	838	1	1360451482
13	839	1	1360451526
13	840	1	1360451564
13	841	1	1360451616
13	842	1	1360451724
13	843	1	1360451775
13	844	1	1360451836
13	845	1	1360451887
13	846	1	1360451928
13	847	1	1360451966
13	848	1	1360452001
13	849	1	1360452032
13	850	1	1360452175
13	851	1	1360452228
13	852	1	1360452290
13	853	1	1360452330
13	854	1	1360452363
13	855	1	1360452413
13	856	1	1360452498
13	857	1	1360452543
13	858	1	1360452579
13	859	1	1360452803
13	860	1	1360452840
13	861	1	1360452944
13	862	1	1360453083
13	863	1	1360453137
13	864	1	1360453234
13	865	1	1360453273
13	866	1	1360453304
13	867	1	1360453336
13	868	1	1360453722
13	869	1	1360453753
13	870	1	1360453782
13	871	1	1360454139
13	872	1	1360454231
13	873	1	1360454276
13	874	1	1360454316
13	875	1	1360454355
13	876	1	1360454782
13	877	1	1360454814
13	878	1	1360454838
13	879	1	1360454938
6	880	1	1360493380
6	881	1	1360493398
6	882	1	1360493907
46	882	1	1363444641
31	882	1	1408303983
6	883	1	1360494116
6	883	1	1360494134
6	884	1	1360494170
6	885	1	1360494253
13	885	1	1360508730
13	885	1	1470332494
22	886	1	1361150393
22	887	1	1361156026
152	888	1	1361233642
11	889	1	1361809783
11	890	1	1361809795
11	891	1	1361809861
11	892	1	1361809960
11	893	1	1361810290
11	894	1	1361810321
11	895	1	1361811154
180	896	1	1363973623
180	897	1	1363973632
152	898	1	1364092846
22	899	1	1364143167
22	900	1	1364147152
22	901	1	1364173648
22	902	1	1364175439
181	902	1	1451505870
182	903	1	1366084483
152	904	1	1367174592
183	905	1	1367354250
181	905	1	1451505782
59	906	1	1369207641
59	906	1	1369207882
59	906	1	1369208624
59	906	1	1369208670
59	906	1	1369208789
59	906	1	1369209323
59	906	1	1369226369
59	906	1	1369226531
184	907	1	1369493990
184	907	1	1380346296
22	907	1	1381707223
184	907	1	1384698399
184	907	1	1408420223
22	908	1	1370218273
185	909	1	1370875122
185	910	1	1370875125
13	911	1	1371158967
22	912	1	1372734383
22	913	1	1372821452
186	914	1	1376262588
22	914	1	1381682940
187	915	1	1376682928
188	917	1	1377981393
187	918	1	1377991810
45	919	1	1379176191
45	920	1	1379176193
22	921	1	1379282862
22	922	1	1379303121
181	922	1	1451502235
22	923	1	1379464560
22	924	1	1379468178
22	925	1	1379561421
22	926	1	1379562991
22	927	1	1379564314
22	928	1	1379897940
22	929	1	1379899559
22	930	1	1380160251
22	931	1	1380164455
22	932	1	1380396543
22	933	1	1380397912
22	934	1	1380401504
189	934	1	1385795957
189	934	1	1388051971
189	934	1	1391247552
22	934	1	1408627853
190	934	1	1411917881
191	934	1	1411919411
22	934	1	1413773740
22	934	1	1438466156
22	935	1	1380408048
189	935	1	1385473893
189	935	1	1386742596
189	935	1	1391655054
189	935	1	1393934991
190	935	1	1411917881
191	935	1	1411919412
22	935	1	1414901128
184	936	1	1380547580
184	936	1	1382847300
184	936	1	1382861133
22	937	1	1381684496
22	938	1	1381702069
184	938	1	1382878329
184	938	1	1382932198
22	939	1	1381723834
140	939	1	1450290220
192	940	1	1383037320
193	941	1	1384698718
194	942	1	1384786185
195	943	1	1385383726
196	944	1	1387293370
197	945	1	1388837764
197	945	1	1424687702
22	946	1	1390175661
198	946	1	1487200957
22	947	1	1390201656
22	948	1	1390254726
22	949	1	1390265874
199	950	1	1390299920
200	951	1	1392384982
200	952	1	1392392020
22	953	1	1393564264
22	954	1	1393571541
201	955	1	1393651474
13	956	1	1394173591
13	956	1	1394173689
13	956	1	1394173742
13	956	1	1394173818
13	956	1	1394174880
36	956	1	1397515002
194	957	1	1394756929
202	958	1	1395184775
202	958	1	1395426766
202	958	1	1396577979
203	959	1	1396562783
7	960	1	1396596848
75	961	1	1398016984
204	962	1	1400584435
205	963	1	1402732922
99	964	1	1408317608
22	965	1	1408641689
206	965	1	1461691521
22	967	1	1409110092
22	968	1	1410625001
207	968	1	1447384191
22	969	1	1410710979
22	970	1	1411005432
207	970	1	1447384194
190	971	1	1411917881
168	971	1	1415699236
22	971	1	1420954462
190	972	1	1411917882
168	972	1	1415699250
22	972	1	1420961156
191	973	1	1411919412
191	974	1	1411919412
208	975	1	1413452596
208	975	1	1447354570
208	975	1	1447747969
43	976	1	1416521735
42	976	1	1423930282
22	977	1	1416715343
140	977	1	1472038391
140	977	1	1472129652
22	978	1	1416722759
140	978	1	1472038391
140	978	1	1472129652
178	979	1	1417132052
178	980	1	1417132053
22	981	1	1417323693
209	982	1	1418647591
210	983	1	1420755208
22	984	1	1421112653
22	985	1	1421116661
22	986	1	1421120669
22	986	1	1423375586
169	986	1	1424432117
88	987	1	1421716256
140	988	1	1422983247
140	989	1	1422983247
22	990	1	1423371139
22	991	1	1423377849
169	991	1	1424432117
22	992	1	1423708911
22	993	1	1423941579
22	994	1	1424393799
140	994	1	1438202207
169	995	1	1424432117
169	996	1	1424432117
22	997	1	1424583558
140	997	1	1438202121
22	998	1	1424585661
168	998	1	1438447607
211	999	1	1425818362
22	1000	1	1426642863
86	1001	1	1426648272
123	1001	1	1429228377
86	1001	1	1429245646
86	1002	1	1426648272
123	1002	1	1429228377
86	1002	1	1429245646
86	1003	1	1426648272
86	1004	1	1426648272
123	1004	1	1429228377
86	1004	1	1429245633
86	1005	1	1426648272
123	1005	1	1429228377
86	1005	1	1429245633
86	1006	1	1426648272
86	1007	1	1426648273
86	1008	1	1426648278
123	1008	1	1429228377
86	1008	1	1429245647
86	1009	1	1426648278
123	1009	1	1429228377
86	1009	1	1429245647
86	1010	1	1426648282
123	1010	1	1429228377
86	1010	1	1429245647
86	1011	1	1426648282
123	1011	1	1429228377
86	1011	1	1429245647
86	1012	1	1426648282
123	1012	1	1429228377
86	1012	1	1429245647
86	1013	1	1426648282
123	1013	1	1429228381
86	1013	1	1429245647
141	1014	1	1429212131
179	1015	1	1433553791
13	1015	1	1433593236
140	1016	1	1438202121
140	1017	1	1438202207
212	1018	1	1438644869
213	1019	1	1440161674
213	1020	1	1440162220
214	1021	1	1440409559
214	1021	1	1441842195
215	1022	1	1441100393
215	1022	1	1442204078
216	1023	1	1441524239
216	1023	1	1442266586
212	1024	1	1443816228
212	1025	1	1443816229
212	1026	1	1443816229
212	1027	1	1443816229
212	1028	1	1443816229
212	1029	1	1443816229
212	1030	1	1443816229
23	1031	1	1447010706
23	1031	1	1447010842
23	1032	1	1447770705
23	1032	1	1447771611
23	1032	1	1466868445
23	1032	1	1467284317
23	1032	1	1467285965
140	1033	1	1450286618
140	1034	1	1450290220
181	1035	1	1451502236
181	1036	1	1451505782
181	1037	1	1451505870
206	1039	1	1461695668
181	1040	1	1462390796
217	1041	1	1463821701
23	1042	1	1467282512
23	1042	1	1467283780
23	1042	1	1467286619
23	1043	1	1467283845
23	1044	1	1467283988
23	1045	1	1467284381
23	1046	1	1467284458
140	1047	1	1472129652
140	1048	1	1472129652
143	1049	1	1481182738
143	1050	1	1481182739
143	1051	1	1481182739
13	1052	1	1485807802
13	1052	1	1485862305
198	1055	1	1487200957
178	1056	1	1487250012
61	1057	1	1487495991
218	1058	1	1497540843
218	1059	1	1497542319
218	1060	1	1497542900
218	1061	1	1497543227
218	1062	1	1497543227
218	1063	1	1497543228
218	1064	1	1497543228
218	1065	1	1497543228
218	1066	1	1497543228
218	1067	1	1497543228
218	1068	1	1497543228
218	1069	1	1497543229
218	1070	1	1497543234
218	1071	1	1497543239
218	1072	1	1497543239
218	1073	1	1497543239
218	1074	1	1497543241
218	1075	1	1497543246
218	1076	1	1497543246
218	1077	1	1497543270
218	1078	1	1497543272
218	1079	1	1497543272
218	1080	1	1497543272
218	1081	1	1497543276
218	1082	1	1497543278
218	1083	1	1497543283
218	1084	1	1497543283
218	1085	1	1497543283
218	1086	1	1497543283
218	1087	1	1497543283
218	1088	1	1497543283
218	1089	1	1497543283
218	1090	1	1497543283
218	1091	1	1497543283
218	1092	1	1497543283
218	1093	1	1497543283
218	1094	1	1497543283
157	1095	1	1497569053
218	1096	1	1497750112
218	1097	1	1497750112
218	1098	1	1497750112
218	1099	1	1497816954
218	1100	1	1497816954
218	1101	1	1498015890
218	1102	1	1498634141
218	1103	1	1499633960
218	1104	1	1499633960
218	1105	1	1499633960
218	1106	1	1499633960
218	1107	1	1499820838
218	1108	1	1499820838
218	1109	1	1499820838
218	1110	1	1499820838
218	1111	1	1499820838
219	1112	1	1499937851
218	1113	1	1500040191
218	1114	1	1500052988
