1	1	1	1081042222
1	2	1	1081042221
1	3	1	1086463275
1	4	1	1086463275
1	5	1	1086463275
1	6	1	1086463275
1	7	1	1086463275
1	8	1	1086463275
1	9	1	1086463275
1	10	1	1086463275
1	11	1	1086463275
1	12	1	1086463275
1	13	1	1086463275
1	14	1	1086463275
1	15	1	1086463275
1	16	1	1086463275
1	17	1	1086463275
1	18	1	1086463275
1	19	1	1086463275
1	20	1	1086463275
1	21	1	1086463275
1	22	1	1086463275
1	23	1	1086463275
1	24	1	1086463275
1	25	1	1086463275
1	26	1	1086463275
1	27	1	1086463275
1	28	1	1086463275
1	29	1	1086463275
1	30	1	1086463275
1	31	1	1086463275
1	32	1	1086463275
1	33	1	1086463275
1	34	1	1086463275
1	35	1	1086463275
1	36	1	1086463275
1	37	1	1086463275
1	38	1	1086463275
1	39	1	1086463275
1	40	1	1086463275
1	41	1	1086463275
1	42	1	1086463275
1	43	1	1086463275
1	44	1	1086463275
1	45	1	1086463275
1	46	1	1086463275
1	47	1	1086463275
1	48	1	1086463275
1	49	1	1086463275
1	50	1	1086463275
1	51	1	1086463275
1	52	1	1086463275
1	53	1	1086463275
1	54	1	1086463275
1	55	1	1086463275
1	56	1	1086463275
1	57	1	1086463275
1	58	1	1086463275
1	59	1	1086463275
1	60	1	1086463275
1	61	1	1086463275
1	62	1	1086463275
1	63	1	1086463275
1	64	1	1086463275
1	65	1	1086463275
1	66	1	1086463275
1	67	1	1086463275
1	68	1	1086463275
1	69	1	1086463275
1	70	1	1086463275
1	71	1	1086463275
1	72	1	1086463275
1	73	1	1086463275
1	74	1	1086463275
1	75	1	1086463275
1	76	1	1086463275
1	77	1	1086463374
2	78	1	1100686221
2	78	1	1100688115
2	78	1	1101734121
2	78	1	1101736514
2	78	1	1101805864
2	78	1	1101806402
3	78	1	1140656734
4	78	1	1145591980
4	78	1	1148024787
5	78	1	1153030793
6	78	1	1154404521
5	78	1	1160152118
7	78	1	1185073106
7	78	1	1185073323
8	78	1	1190003837
8	78	1	1190004140
8	78	1	1191063588
9	78	1	1287754927
9	78	1	1327452403
10	78	1	1344247262
6	78	1	1384841675
6	78	1	1384841690
11	78	1	1459519773
12	78	1	1493063678
2	79	1	1100687198
2	79	1	1100687907
2	79	1	1100750845
3	79	1	1140656733
7	79	1	1184967918
9	79	1	1324500069
9	79	1	1327007609
13	79	1	1332025846
14	79	1	1339455155
13	79	1	1387501510
12	79	1	1431425461
12	79	1	1493063693
2	80	1	1101736138
2	80	1	1101736312
2	80	1	1101959707
3	80	1	1140656733
4	80	1	1145592254
5	80	1	1153030473
5	80	1	1160152087
5	80	1	1163534712
5	80	1	1164628386
5	80	1	1168214787
5	80	1	1171447583
5	80	1	1171720802
5	80	1	1171797952
5	80	1	1178004843
5	80	1	1212745013
15	80	1	1228045343
16	80	1	1234732897
16	80	1	1242497726
16	80	1	1248316258
16	80	1	1260647967
16	80	1	1280929954
16	80	1	1288502524
17	80	1	1292681165
13	80	1	1299301983
18	80	1	1319043144
9	80	1	1322885565
19	80	1	1350506028
19	80	1	1355694738
19	80	1	1373224020
13	80	1	1387501668
20	80	1	1396289519
12	80	1	1432919267
12	80	1	1493063687
2	81	1	1101806198
3	81	1	1140656734
7	81	1	1183039639
7	81	1	1183042422
7	81	1	1183043290
7	81	1	1183084480
7	81	1	1183324838
7	81	1	1183568261
7	81	1	1184808746
9	81	1	1322885604
12	81	1	1493063727
2	82	1	1101961016
3	82	1	1140656734
12	82	1	1493063724
21	83	1	1114181751
21	83	1	1114188346
22	83	1	1429233058
23	84	1	1117571770
23	84	1	1117571854
23	84	1	1117571923
23	84	1	1117575470
23	84	1	1140796370
23	84	1	1140796506
23	84	1	1140796968
23	84	1	1140797249
23	84	1	1140797641
23	84	1	1140799372
23	85	1	1117573654
23	85	1	1117575401
3	85	1	1140656733
5	85	1	1153030193
5	85	1	1159979997
5	85	1	1164617842
5	85	1	1165168633
5	85	1	1165794218
5	85	1	1178323538
7	85	1	1184967759
8	85	1	1191064158
5	85	1	1212521792
24	85	1	1220542572
16	85	1	1235332688
16	85	1	1242013518
25	85	1	1247588784
16	85	1	1257272801
16	85	1	1273645396
16	85	1	1276682614
16	85	1	1279463558
26	85	1	1289835272
12	85	1	1307023920
12	85	1	1314880562
13	85	1	1318451523
18	85	1	1319830931
9	85	1	1322884128
13	85	1	1325401955
27	85	1	1334975403
13	85	1	1336564014
19	85	1	1347805583
19	85	1	1349494016
19	85	1	1350673767
19	85	1	1356764211
19	85	1	1356974442
19	85	1	1373184129
12	85	1	1383215570
13	85	1	1387501811
12	85	1	1406834807
12	85	1	1424722420
19	85	1	1437097193
19	85	1	1440211429
12	85	1	1441594974
19	85	1	1450374999
19	85	1	1462353750
28	85	1	1486065355
12	85	1	1493063683
23	86	1	1117574267
3	86	1	1140656733
5	86	1	1153029973
5	86	1	1160151811
5	86	1	1160312934
5	86	1	1165982813
5	86	1	1168790092
5	86	1	1170011182
5	86	1	1170812784
5	86	1	1170905529
5	86	1	1173432080
5	86	1	1175569331
5	86	1	1176738869
5	86	1	1177976657
5	86	1	1179336836
29	86	1	1183439738
29	86	1	1183439760
30	86	1	1216735022
30	86	1	1218740913
15	86	1	1221549215
30	86	1	1228348081
30	86	1	1229450212
16	86	1	1233468827
16	86	1	1235006197
16	86	1	1235192835
16	86	1	1238588698
25	86	1	1247588585
16	86	1	1249721654
16	86	1	1251483451
16	86	1	1251539313
16	86	1	1251595699
16	86	1	1258322802
16	86	1	1263354817
16	86	1	1265682179
16	86	1	1267240378
16	86	1	1272673371
16	86	1	1278804845
16	86	1	1280310695
16	86	1	1280849046
16	86	1	1281837895
16	86	1	1282945101
26	86	1	1290983620
31	86	1	1303796461
12	86	1	1318498374
18	86	1	1321106956
18	86	1	1322811484
9	86	1	1322884155
9	86	1	1322884382
9	86	1	1322885951
9	86	1	1322887166
9	86	1	1322888987
9	86	1	1322889274
31	86	1	1326325719
18	86	1	1331222848
12	86	1	1331794496
27	86	1	1333290970
27	86	1	1333526307
19	86	1	1342523268
12	86	1	1343307485
19	86	1	1354842507
19	86	1	1376767661
13	86	1	1386625517
12	86	1	1408810416
19	86	1	1419740460
12	86	1	1429758282
19	86	1	1439743126
19	86	1	1440695781
12	86	1	1458206010
12	86	1	1493063695
23	87	1	1117574404
3	87	1	1140656733
23	88	1	1119899350
3	88	1	1140656733
5	88	1	1153030183
5	88	1	1160152097
7	88	1	1184967823
25	88	1	1247589363
16	88	1	1255868909
16	88	1	1260653185
16	88	1	1277976405
9	88	1	1322884751
9	88	1	1322884777
9	88	1	1322884986
13	88	1	1326512398
13	88	1	1387501739
28	88	1	1487786651
12	88	1	1493063686
29	89	1	1129704760
5	89	1	1153030343
5	89	1	1160151656
5	89	1	1166748643
5	89	1	1169479126
5	89	1	1173753980
5	89	1	1176807539
5	89	1	1178989115
29	89	1	1183361619
7	89	1	1184958206
7	89	1	1184958275
7	89	1	1184958291
30	89	1	1217260338
16	89	1	1236654071
16	89	1	1253574923
16	89	1	1275810353
16	89	1	1277462138
16	89	1	1288476893
13	89	1	1292333024
26	89	1	1303202201
12	89	1	1320138750
12	89	1	1343811721
19	89	1	1345431095
19	89	1	1370643912
13	89	1	1386945506
12	89	1	1408988058
28	89	1	1480573283
12	89	1	1493063702
32	90	1	1134102926
8	90	1	1187687956
12	90	1	1337723399
12	90	1	1424808446
33	90	1	1426165593
32	91	1	1134551121
34	91	1	1135304995
34	91	1	1135659457
34	91	1	1136526367
32	91	1	1136589589
34	91	1	1137426541
34	91	1	1137575466
22	91	1	1429233058
32	92	1	1134551313
34	92	1	1135304977
34	92	1	1135659437
32	92	1	1136589640
34	92	1	1137426531
34	92	1	1137575433
3	92	1	1140656734
5	92	1	1160151666
9	92	1	1327007631
13	92	1	1387550070
12	92	1	1493063722
34	93	1	1135304971
34	93	1	1136526376
32	93	1	1136589541
34	93	1	1137426545
34	93	1	1137575426
3	93	1	1140656734
5	93	1	1160151692
5	93	1	1161550458
5	93	1	1167872901
24	93	1	1220228231
15	93	1	1221547267
25	93	1	1247590073
16	93	1	1251584946
13	93	1	1321701728
9	93	1	1322884701
9	93	1	1322885756
9	93	1	1322885764
18	93	1	1324290016
13	93	1	1326371935
12	93	1	1351504514
13	93	1	1387550143
28	93	1	1468524095
12	93	1	1493063718
35	94	1	1135907409
35	95	1	1135907469
36	96	1	1136127043
36	97	1	1136127053
32	98	1	1136438232
37	99	1	1136452696
38	99	1	1442653398
37	100	1	1136452914
32	101	1	1136589622
39	101	1	1426840432
22	101	1	1429233058
39	101	1	1429245756
40	102	1	1137765911
3	103	1	1140656733
3	104	1	1140656733
3	105	1	1140656733
3	106	1	1140656733
3	107	1	1140656733
3	108	1	1140656733
41	108	1	1263922826
3	109	1	1140656734
3	110	1	1140656734
3	111	1	1140656734
3	112	1	1140656734
42	113	1	1140796369
42	113	1	1151850906
43	113	1	1277174405
43	113	1	1277175910
23	114	1	1140796969
4	115	1	1145592536
4	115	1	1184035141
4	115	1	1184303123
44	116	1	1153029300
6	117	1	1154404521
8	117	1	1190003915
45	118	1	1162212702
43	118	1	1225272922
46	119	1	1162392814
45	120	1	1163708951
45	121	1	1169678433
12	121	1	1349090964
12	121	1	1349093273
12	121	1	1349094096
15	121	1	1359122611
12	121	1	1417592243
12	121	1	1418822526
12	121	1	1419609327
12	121	1	1424199066
12	121	1	1424268081
12	121	1	1424768839
12	121	1	1425384539
12	121	1	1425670542
12	121	1	1425996315
12	121	1	1426165541
12	121	1	1428417182
12	121	1	1429167408
12	121	1	1431685190
12	121	1	1432568644
12	121	1	1433534370
12	121	1	1433538260
12	121	1	1439467018
12	121	1	1442220710
12	121	1	1444037216
12	121	1	1446151207
12	121	1	1450211849
12	121	1	1472640839
12	121	1	1481696339
12	121	1	1499070365
47	122	1	1175923536
47	123	1	1175923560
7	124	1	1181449778
7	125	1	1182355282
12	125	1	1493063727
7	126	1	1182356035
7	126	1	1182356386
7	126	1	1182356544
7	126	1	1182356726
7	126	1	1182356757
5	126	1	1210837700
30	126	1	1218202091
16	126	1	1239973109
16	126	1	1246127008
16	126	1	1250504975
16	126	1	1251580718
16	126	1	1257635286
16	126	1	1258289337
16	126	1	1278145343
26	126	1	1290943314
31	126	1	1302973606
13	126	1	1304140068
12	126	1	1314877871
31	126	1	1322729122
9	126	1	1322886882
13	126	1	1336562419
19	126	1	1340527683
19	126	1	1354494908
19	126	1	1367170751
19	126	1	1367926594
19	126	1	1376055806
12	126	1	1406832873
12	126	1	1410385077
12	126	1	1493063682
29	127	1	1183360639
29	127	1	1183360712
7	127	1	1184958432
15	127	1	1221548073
16	127	1	1262148147
13	127	1	1387550326
48	127	1	1480571175
12	127	1	1493063712
29	128	1	1183360679
29	128	1	1183360777
29	128	1	1183360816
49	128	1	1272551034
15	128	1	1277197580
15	128	1	1277217235
15	128	1	1282906578
49	128	1	1286205622
26	128	1	1303035450
26	128	1	1311099723
15	128	1	1327095379
15	128	1	1327332563
12	128	1	1343900045
12	128	1	1345539511
12	128	1	1349080344
12	128	1	1349085966
12	128	1	1349094498
15	128	1	1364743050
12	128	1	1389207116
12	128	1	1417598709
12	128	1	1418720816
12	128	1	1418816210
12	128	1	1419614724
12	128	1	1419708425
12	128	1	1420310019
12	128	1	1421594908
12	128	1	1422042430
12	128	1	1426263542
12	128	1	1429707393
12	128	1	1432568663
12	128	1	1440507185
12	128	1	1466757805
12	128	1	1470043768
48	128	1	1476918625
12	128	1	1492896606
12	128	1	1499070382
29	129	1	1183360883
12	129	1	1349098872
15	129	1	1359121730
12	129	1	1364210521
15	129	1	1364743030
12	129	1	1366960394
50	129	1	1368995490
12	129	1	1407846147
12	129	1	1415101810
12	129	1	1417516390
12	129	1	1421053877
12	129	1	1421446953
12	129	1	1422859316
12	129	1	1424282602
12	129	1	1425767660
12	129	1	1426263548
12	129	1	1427971541
12	129	1	1428421248
12	129	1	1432933061
12	129	1	1435733041
12	129	1	1437484182
12	129	1	1446155051
12	129	1	1466757990
12	129	1	1476178533
12	129	1	1499070372
29	130	1	1183361121
7	130	1	1184967357
5	130	1	1209945627
30	130	1	1218648547
16	130	1	1235138261
16	130	1	1236558417
16	130	1	1241270977
16	130	1	1244553788
16	130	1	1254740325
30	130	1	1262200286
16	130	1	1264550172
16	130	1	1277665184
16	130	1	1280093092
16	130	1	1288090628
26	130	1	1290078685
26	130	1	1290964045
13	130	1	1300048897
12	130	1	1314945889
19	130	1	1338115067
19	130	1	1342983154
12	130	1	1351066819
19	130	1	1353610141
18	130	1	1359147471
19	130	1	1376401245
13	130	1	1386529809
12	130	1	1410915933
12	130	1	1439293819
19	130	1	1462355282
19	130	1	1467912264
12	130	1	1493063683
29	131	1	1183361421
7	131	1	1184967327
15	131	1	1221548794
30	131	1	1232570111
13	131	1	1297964697
13	131	1	1321892346
19	131	1	1374442625
20	131	1	1388671707
12	131	1	1431426622
12	131	1	1493063701
29	132	1	1183361571
7	132	1	1184967423
30	132	1	1217957469
16	132	1	1240825057
16	132	1	1241563382
16	132	1	1254488775
16	132	1	1264293822
16	132	1	1265702710
16	132	1	1272393681
16	132	1	1276566445
16	132	1	1282933121
13	132	1	1292367649
13	132	1	1295357954
31	132	1	1322618120
31	132	1	1326641941
13	132	1	1326736227
19	132	1	1348651114
12	132	1	1351588801
19	132	1	1368356231
12	132	1	1382465325
13	132	1	1386705640
12	132	1	1393678470
12	132	1	1413907224
12	132	1	1430555524
51	132	1	1436701510
19	132	1	1445940589
12	132	1	1464970168
19	132	1	1467574938
12	132	1	1493063725
29	133	1	1183361961
7	133	1	1184813779
7	133	1	1184819108
7	133	1	1184849688
5	133	1	1210808135
30	133	1	1217341732
15	133	1	1221548333
30	133	1	1226152369
16	133	1	1236189083
16	133	1	1251947394
16	133	1	1271157936
16	133	1	1272101364
16	133	1	1279515546
26	133	1	1296636256
13	133	1	1304117662
18	133	1	1319088087
12	133	1	1321610269
31	133	1	1324042343
18	133	1	1332366763
13	133	1	1334999866
19	133	1	1342499866
12	133	1	1343735443
19	133	1	1344756210
19	133	1	1349388533
19	133	1	1356164523
19	133	1	1376064715
12	133	1	1409147506
12	133	1	1427488734
19	133	1	1476472884
12	133	1	1493063707
29	134	1	1183362102
7	134	1	1184955262
7	134	1	1184959462
15	134	1	1221548083
16	134	1	1236683708
41	134	1	1263923902
16	134	1	1264243685
20	134	1	1437651257
48	134	1	1469934118
12	134	1	1493063711
29	135	1	1183362200
7	135	1	1184955412
30	135	1	1216558102
30	135	1	1226365180
16	135	1	1236228840
16	135	1	1249727363
16	135	1	1250706841
16	135	1	1250871856
16	135	1	1255045297
16	135	1	1272371256
16	135	1	1273522986
26	135	1	1296407528
13	135	1	1304037625
31	135	1	1311505838
31	135	1	1315131927
18	135	1	1322437680
31	135	1	1322596039
31	135	1	1323029515
12	135	1	1326793327
18	135	1	1329485620
27	135	1	1335912225
19	135	1	1339305882
19	135	1	1342619156
19	135	1	1350597727
19	135	1	1370941651
12	135	1	1383390299
13	135	1	1390578351
12	135	1	1409627569
12	135	1	1411897984
12	135	1	1414207640
20	135	1	1419936876
12	135	1	1427546131
20	135	1	1440690979
19	135	1	1441417390
12	135	1	1447125902
12	135	1	1493063723
29	136	1	1183362304
7	136	1	1184959685
7	136	1	1184959707
5	136	1	1212654156
16	136	1	1237741580
16	136	1	1264517894
16	136	1	1289086497
13	136	1	1297792387
12	136	1	1321878535
13	136	1	1323606020
18	136	1	1324220874
13	136	1	1328308493
13	136	1	1328311982
19	136	1	1357931223
12	136	1	1420491255
12	136	1	1458498415
19	136	1	1476484708
48	136	1	1480571325
12	136	1	1493063708
29	137	1	1183362683
7	137	1	1184967388
30	137	1	1218673078
16	137	1	1234004132
16	137	1	1244270705
16	137	1	1260458357
16	137	1	1277325060
16	137	1	1279721487
16	137	1	1282741597
13	137	1	1291934496
13	137	1	1301241058
13	137	1	1311335304
13	137	1	1311590878
13	137	1	1319487016
20	137	1	1356821732
13	137	1	1387501757
19	137	1	1429592053
12	137	1	1466571669
28	137	1	1474240779
48	137	1	1480571194
12	137	1	1493063683
29	138	1	1183362879
7	138	1	1184957278
30	138	1	1217162835
15	138	1	1221548824
30	138	1	1232482015
16	138	1	1238600313
16	138	1	1238963387
16	138	1	1240795336
16	138	1	1251633528
16	138	1	1252361017
16	138	1	1268729364
16	138	1	1270763288
16	138	1	1277890328
16	138	1	1281398718
16	138	1	1283881648
16	138	1	1285469588
13	138	1	1296408148
52	138	1	1297620635
13	138	1	1318509039
18	138	1	1321405630
13	138	1	1324717628
13	138	1	1325198811
19	138	1	1343099360
19	138	1	1348068647
19	138	1	1350662239
13	138	1	1387721342
13	138	1	1390335165
12	138	1	1408903414
19	138	1	1421752441
19	138	1	1433915603
12	138	1	1458281796
12	138	1	1463990376
28	138	1	1479365220
12	138	1	1493063700
29	139	1	1183363182
7	139	1	1184966755
7	139	1	1184966784
16	139	1	1238641794
53	139	1	1365143111
12	139	1	1493063722
29	140	1	1183363322
7	140	1	1184967300
15	140	1	1221547147
16	140	1	1237453119
16	140	1	1287260079
13	140	1	1303350243
12	140	1	1493063726
29	141	1	1183363514
7	141	1	1184955154
7	141	1	1186103846
7	141	1	1186104459
8	141	1	1191394668
15	141	1	1221548724
15	141	1	1231715758
16	141	1	1236448374
16	141	1	1274350004
16	141	1	1282870515
16	141	1	1288093790
12	141	1	1319627277
18	141	1	1322964817
13	141	1	1326857977
18	141	1	1354630945
19	141	1	1356818818
19	141	1	1358227558
13	141	1	1387746598
12	141	1	1411264094
20	141	1	1441830499
12	141	1	1493063701
29	142	1	1183363731
7	142	1	1184967454
30	142	1	1216648487
15	142	1	1221757573
15	142	1	1221939438
30	142	1	1228509983
16	142	1	1242324856
16	142	1	1268586154
13	142	1	1300300605
19	142	1	1341740054
19	142	1	1352439025
18	142	1	1359560635
12	142	1	1431425389
19	142	1	1435759879
12	142	1	1493063694
29	143	1	1183363933
7	143	1	1184955822
5	143	1	1209970526
15	143	1	1227741387
16	143	1	1282077823
16	143	1	1289045708
13	143	1	1325509994
12	143	1	1431426592
48	143	1	1475122029
12	143	1	1493063703
29	144	1	1183364087
7	144	1	1184956709
7	144	1	1184956782
16	144	1	1238641794
12	144	1	1493063703
29	145	1	1183364218
7	145	1	1184957036
7	145	1	1184968277
5	145	1	1210907584
16	145	1	1236296486
16	145	1	1246016871
16	145	1	1252966575
16	145	1	1253378895
16	145	1	1259883082
16	145	1	1267811255
16	145	1	1273629863
16	145	1	1277130238
13	145	1	1294847978
31	145	1	1306338504
12	145	1	1307703650
13	145	1	1311291583
13	145	1	1324752857
13	145	1	1327721366
19	145	1	1343036290
19	145	1	1351066678
19	145	1	1356197782
19	145	1	1376966942
13	145	1	1390351036
19	145	1	1435791040
20	145	1	1443897159
28	145	1	1468524458
28	145	1	1488240024
12	145	1	1493063704
29	146	1	1183364489
15	146	1	1221108166
15	146	1	1221134492
15	146	1	1221161513
15	146	1	1221301363
15	146	1	1221331717
15	146	1	1221383104
15	146	1	1221495545
15	146	1	1231417282
15	146	1	1231674956
15	146	1	1236074434
15	146	1	1236553263
15	146	1	1244735504
15	146	1	1246705046
15	146	1	1269964427
15	146	1	1270314079
15	146	1	1277158367
15	146	1	1282901459
15	146	1	1282908291
13	146	1	1283449704
49	146	1	1286160130
13	146	1	1289953938
26	146	1	1294785260
26	146	1	1303035540
15	146	1	1319521623
15	146	1	1327327831
27	146	1	1334179294
12	146	1	1334656409
12	146	1	1349080863
54	146	1	1361624658
15	146	1	1364742972
12	146	1	1374837415
12	146	1	1389207988
12	146	1	1407926550
12	146	1	1411143998
12	146	1	1411389074
12	146	1	1418370633
12	146	1	1418391870
12	146	1	1418889056
12	146	1	1419251413
12	146	1	1419352896
12	146	1	1419683516
12	146	1	1419709385
12	146	1	1420386683
12	146	1	1420452812
12	146	1	1421524526
12	146	1	1422051574
12	146	1	1422396326
12	146	1	1426263498
12	146	1	1428955756
12	146	1	1433832143
12	146	1	1439815005
12	146	1	1446669493
12	146	1	1466757873
12	146	1	1470045130
48	146	1	1476919193
12	146	1	1499070366
29	147	1	1183439902
49	147	1	1272550596
15	147	1	1277154980
15	147	1	1277747141
15	147	1	1277793930
15	147	1	1277822579
15	147	1	1277893348
15	147	1	1277901823
15	147	1	1282903679
13	147	1	1283449354
49	147	1	1286161701
26	147	1	1291375464
26	147	1	1294784094
26	147	1	1298656199
26	147	1	1303034484
26	147	1	1311098925
26	147	1	1315136973
15	147	1	1331707721
12	147	1	1338981409
12	147	1	1343284767
12	147	1	1343825444
12	147	1	1349096312
15	147	1	1359115128
12	147	1	1374831370
12	147	1	1374835800
12	147	1	1407756032
12	147	1	1415101644
12	147	1	1418721492
12	147	1	1419352096
12	147	1	1419545130
12	147	1	1419679430
12	147	1	1419805799
12	147	1	1420219695
12	147	1	1421702976
12	147	1	1422015607
12	147	1	1424281142
12	147	1	1424785483
12	147	1	1425333188
12	147	1	1426263550
12	147	1	1427891182
12	147	1	1431941632
12	147	1	1439903127
12	147	1	1466758035
12	147	1	1476104118
12	147	1	1477042529
12	147	1	1499070378
29	148	1	1183441854
29	148	1	1183442591
29	148	1	1183442707
5	148	1	1211952422
15	148	1	1221549531
16	148	1	1234465498
16	148	1	1238863670
16	148	1	1253545128
16	148	1	1277013546
31	148	1	1302859602
18	148	1	1319198755
9	148	1	1322887096
19	148	1	1376691009
13	148	1	1387501605
28	148	1	1468523345
12	148	1	1493063690
29	149	1	1183441926
7	149	1	1184968219
24	149	1	1221244835
15	149	1	1221550092
16	149	1	1235212422
16	149	1	1237291083
15	149	1	1238485081
16	149	1	1239819330
16	149	1	1247712548
16	149	1	1261322826
16	149	1	1266078216
16	149	1	1269385088
16	149	1	1278970866
16	149	1	1285253191
16	149	1	1288665193
13	149	1	1292105568
31	149	1	1311077242
18	149	1	1318994554
18	149	1	1321655614
18	149	1	1331415595
27	149	1	1335026266
12	149	1	1350976081
12	149	1	1381306612
13	149	1	1387195549
12	149	1	1410642793
20	149	1	1420017489
19	149	1	1451969858
19	149	1	1467810959
12	149	1	1493063675
29	150	1	1183441971
15	150	1	1277147889
15	150	1	1277209799
15	150	1	1277213321
15	150	1	1277298166
15	150	1	1277643531
15	150	1	1277745876
15	150	1	1277748981
15	150	1	1277794807
15	150	1	1277795539
15	150	1	1282897353
49	150	1	1283090151
49	150	1	1286157890
26	150	1	1298656868
26	150	1	1303036079
12	150	1	1306143989
15	150	1	1307638577
15	150	1	1308058141
26	150	1	1311100246
26	150	1	1315137929
55	150	1	1324357419
15	150	1	1327072809
12	150	1	1334661256
12	150	1	1345543362
12	150	1	1349080059
12	150	1	1349094751
12	150	1	1364209851
12	150	1	1374835450
12	150	1	1389207614
12	150	1	1407926770
12	150	1	1415103587
12	150	1	1418374442
12	150	1	1419355712
12	150	1	1419708205
12	150	1	1419804753
12	150	1	1420715391
12	150	1	1421008027
12	150	1	1421961156
12	150	1	1422371426
12	150	1	1424283611
12	150	1	1425332670
12	150	1	1426263544
12	150	1	1428007509
12	150	1	1431549978
12	150	1	1432568653
12	150	1	1435348924
12	150	1	1442497008
12	150	1	1468228947
12	150	1	1470054735
12	150	1	1476103571
12	150	1	1492601115
12	150	1	1492897196
12	150	1	1499070381
29	151	1	1183442554
9	151	1	1287753869
29	152	1	1183442567
29	153	1	1183442670
3	154	1	1140656734
6	154	1	1154404508
7	154	1	1184805776
7	154	1	1184805876
7	154	1	1185073698
7	154	1	1185073759
8	154	1	1187694869
8	154	1	1190003865
7	155	1	1184185717
7	155	1	1184185828
8	155	1	1190003837
56	155	1	1235931142
56	155	1	1282862570
57	155	1	1283675706
7	156	1	1184186117
8	156	1	1184717203
58	156	1	1184863918
8	157	1	1184715323
8	157	1	1187832308
8	157	1	1187832471
8	157	1	1188177757
8	157	1	1190964083
7	158	1	1184809421
7	159	1	1184812721
7	159	1	1185071545
59	159	1	1190276593
7	160	1	1184813779
16	160	1	1234107773
16	160	1	1235258823
16	160	1	1238842887
16	160	1	1245324542
16	160	1	1249715331
16	160	1	1253029051
16	160	1	1253385996
16	160	1	1288951200
27	160	1	1336511117
60	160	1	1346201070
19	160	1	1351139322
61	160	1	1355852054
19	160	1	1376346988
12	160	1	1430832070
12	160	1	1465392724
28	160	1	1468525034
48	160	1	1473171355
48	160	1	1475625995
48	160	1	1477445029
19	160	1	1489661717
12	160	1	1493063737
7	161	1	1184850307
7	161	1	1184850339
58	162	1	1184863904
62	162	1	1190689981
62	162	1	1190690078
8	162	1	1191508259
8	162	1	1192694497
63	162	1	1287681782
7	163	1	1184893477
7	164	1	1184955154
7	165	1	1184955262
7	166	1	1184955412
16	166	1	1236260876
16	166	1	1245324694
16	166	1	1249082508
16	166	1	1250337961
16	166	1	1253639594
16	166	1	1253753640
16	166	1	1288669740
13	166	1	1297517734
31	166	1	1322813494
12	166	1	1339272885
19	166	1	1345350649
60	166	1	1346191153
12	166	1	1382122890
12	166	1	1430826727
12	166	1	1465387115
48	166	1	1475625012
28	166	1	1489459839
12	166	1	1493063736
7	167	1	1184955822
7	168	1	1184956782
7	169	1	1184957036
64	169	1	1209167720
16	169	1	1236260817
16	169	1	1237693681
16	169	1	1242020284
16	169	1	1253644878
16	169	1	1274984070
16	169	1	1277566719
16	169	1	1278667648
16	169	1	1288931137
31	169	1	1322815520
13	169	1	1330578656
19	169	1	1345358069
60	169	1	1346196889
12	169	1	1346525226
19	169	1	1351119536
12	169	1	1382125139
12	169	1	1410813864
12	169	1	1431427622
28	169	1	1468525054
19	169	1	1489603358
12	169	1	1493063736
7	170	1	1184957278
7	171	1	1184958291
7	172	1	1184958432
16	172	1	1236445264
16	172	1	1245325214
16	172	1	1262148343
16	172	1	1266012964
16	172	1	1272021387
18	172	1	1319421897
27	172	1	1335724893
60	172	1	1356796881
19	172	1	1362947453
13	172	1	1387554050
20	172	1	1403537105
12	172	1	1431427551
19	172	1	1434985637
28	172	1	1468525044
48	172	1	1475625549
12	172	1	1493063737
7	173	1	1184958829
7	173	1	1184958982
7	173	1	1184959039
15	173	1	1221548063
16	173	1	1236260245
16	173	1	1256150841
12	173	1	1493063712
7	174	1	1184959707
7	175	1	1184966784
7	176	1	1184967300
7	177	1	1184967327
7	178	1	1184967357
16	178	1	1236937790
16	178	1	1271178784
13	178	1	1299962155
15	178	1	1300967479
19	178	1	1345691971
61	178	1	1347106833
12	178	1	1361901764
19	178	1	1374708582
12	178	1	1382185298
12	178	1	1430836057
12	178	1	1465396783
48	178	1	1469934334
28	178	1	1490145547
12	178	1	1493063738
7	179	1	1184967388
16	179	1	1236260648
16	179	1	1245324453
16	179	1	1249712312
16	179	1	1254222143
16	179	1	1254849955
16	179	1	1257371095
16	179	1	1280709590
18	179	1	1319455138
15	179	1	1335212760
13	179	1	1336935889
12	179	1	1340139950
19	179	1	1351170536
19	179	1	1358513387
19	179	1	1363905220
19	179	1	1370320672
12	179	1	1382192484
12	179	1	1430837975
19	179	1	1434986938
12	179	1	1446593679
12	179	1	1465398919
12	179	1	1493063738
7	180	1	1184967423
16	180	1	1236568674
16	180	1	1245319710
16	180	1	1246706455
16	180	1	1249710848
16	180	1	1260377177
16	180	1	1271173530
16	180	1	1281397105
31	180	1	1303072244
13	180	1	1304325230
18	180	1	1319257485
31	180	1	1322706490
19	180	1	1347397115
13	180	1	1386771475
12	180	1	1431427492
48	180	1	1475626081
28	180	1	1489548956
12	180	1	1493063738
7	181	1	1184967454
16	181	1	1236260612
16	181	1	1245085524
16	181	1	1257631804
16	181	1	1279453063
18	181	1	1330175196
12	181	1	1347213232
12	181	1	1382191773
12	181	1	1465400324
48	181	1	1476081488
12	181	1	1493063739
7	182	1	1184968277
7	183	1	1185071545
65	184	1	1187032244
8	185	1	1187691745
8	186	1	1187691939
8	187	1	1187692021
8	187	1	1187692050
8	187	1	1187692094
8	188	1	1187692251
8	189	1	1187832369
66	190	1	1189804418
66	190	1	1189804475
8	191	1	1190003837
8	192	1	1190003837
62	193	1	1190953846
7	194	1	1191383437
8	194	1	1191391988
67	195	1	1195029773
67	195	1	1217593967
66	196	1	1196759626
68	197	1	1198288299
69	197	1	1356415303
70	198	1	1198373879
70	199	1	1198373889
71	200	1	1198746237
72	201	1	1200958354
73	202	1	1204596214
73	203	1	1204596219
62	204	1	1205002746
67	205	1	1205441155
67	205	1	1205443320
74	206	1	1206546442
75	206	1	1314729296
76	206	1	1338935845
74	207	1	1206547356
76	207	1	1206612693
75	207	1	1314729296
69	207	1	1315026274
76	207	1	1338935842
76	207	1	1338936852
76	208	1	1206572567
77	208	1	1218629815
78	208	1	1314828192
76	209	1	1206572573
77	209	1	1218629814
76	209	1	1218794305
76	209	1	1338916975
76	209	1	1338917956
76	210	1	1206572575
77	210	1	1218629814
79	211	1	1206613329
80	212	1	1209676976
81	213	1	1212216834
81	213	1	1212216902
82	214	1	1213748610
82	214	1	1213815283
82	214	1	1261737884
82	214	1	1293370163
82	214	1	1336427474
82	214	1	1372518269
82	215	1	1214158041
83	216	1	1216088441
83	217	1	1216088460
83	218	1	1216088574
83	219	1	1216088722
24	219	1	1235173432
24	219	1	1236112573
84	219	1	1283552257
84	219	1	1283552292
85	219	1	1283649421
57	219	1	1284415144
57	219	1	1287589886
57	219	1	1287589962
57	219	1	1287589996
57	219	1	1287590076
12	219	1	1448309796
12	219	1	1472205426
86	220	1	1218072175
77	221	1	1218629814
77	222	1	1218629814
77	223	1	1218629815
41	223	1	1263922836
78	223	1	1314828201
87	224	1	1219863915
43	224	1	1225533486
88	224	1	1234466137
15	225	1	1221549641
16	225	1	1287469325
13	225	1	1326508733
9	225	1	1327006941
9	225	1	1327007693
19	225	1	1347756002
19	225	1	1352446574
48	225	1	1475547684
12	225	1	1493063688
15	226	1	1221548103
16	226	1	1235137959
16	226	1	1241380678
16	226	1	1260293398
16	226	1	1288949155
13	226	1	1304206744
13	226	1	1311291737
19	226	1	1350472763
19	226	1	1356280477
18	226	1	1360076949
19	226	1	1376511597
20	226	1	1390117796
12	226	1	1410738064
19	226	1	1445326011
12	226	1	1448716909
28	226	1	1472816189
28	226	1	1476061077
12	226	1	1493063708
15	227	1	1221547732
30	227	1	1231278542
30	227	1	1235053518
16	227	1	1246998834
25	227	1	1247589107
25	227	1	1247589179
16	227	1	1247886396
16	227	1	1251454993
16	227	1	1258466410
16	227	1	1266109015
16	227	1	1266328842
9	227	1	1287168822
13	227	1	1295952314
12	227	1	1307709997
18	227	1	1319045209
31	227	1	1322262362
13	227	1	1324278170
27	227	1	1332666047
12	227	1	1345142459
19	227	1	1346842899
19	227	1	1376541416
12	227	1	1384374459
12	227	1	1392575275
12	227	1	1409299523
12	227	1	1410747125
12	227	1	1413451973
33	227	1	1424691039
33	227	1	1424691056
12	227	1	1427535079
12	227	1	1430302712
12	227	1	1431702155
19	227	1	1435119839
20	227	1	1439802996
20	227	1	1443910616
12	227	1	1447455558
28	227	1	1488395816
12	227	1	1493063714
30	228	1	1220621854
15	228	1	1221550057
30	228	1	1225336352
16	228	1	1236553650
16	228	1	1238727765
16	228	1	1238782287
16	228	1	1246991539
16	228	1	1261322476
16	228	1	1280154084
16	228	1	1288665453
31	228	1	1304156910
12	228	1	1307012236
12	228	1	1314601893
18	228	1	1319056315
18	228	1	1322005172
27	228	1	1334268274
27	228	1	1336854267
27	228	1	1336916590
12	228	1	1347330734
12	228	1	1350896183
12	228	1	1382532287
20	228	1	1404571385
12	228	1	1424112447
12	228	1	1434143097
19	228	1	1440170735
19	228	1	1446204150
19	228	1	1467884819
28	228	1	1468523562
48	228	1	1473491773
48	228	1	1475117104
28	228	1	1489607301
12	228	1	1493063682
15	229	1	1221547327
16	229	1	1235321264
16	229	1	1235995913
16	229	1	1246126646
16	229	1	1260638402
16	229	1	1262564054
16	229	1	1273228639
16	229	1	1277563501
16	229	1	1283863522
16	229	1	1288317362
52	229	1	1299415767
9	229	1	1322887134
9	229	1	1322887143
31	229	1	1323416575
13	229	1	1330960994
13	229	1	1336081713
13	229	1	1336597898
19	229	1	1350410144
19	229	1	1356207263
19	229	1	1357085932
19	229	1	1360808480
19	229	1	1361574099
13	229	1	1387550173
12	229	1	1411557386
12	229	1	1431426402
19	229	1	1446928929
28	229	1	1468524105
28	229	1	1487006208
12	229	1	1493063717
24	230	1	1220228358
15	230	1	1221547481
16	230	1	1234816790
16	230	1	1237245758
16	230	1	1238094122
16	230	1	1243302276
25	230	1	1247588435
16	230	1	1254942338
16	230	1	1257100019
16	230	1	1260151973
16	230	1	1271428767
16	230	1	1288182901
13	230	1	1304057867
31	230	1	1322265300
9	230	1	1322883430
9	230	1	1322887292
27	230	1	1333488598
19	230	1	1338536988
12	230	1	1343771447
19	230	1	1354955928
19	230	1	1362713118
12	230	1	1368988806
19	230	1	1376877470
12	230	1	1409303500
12	230	1	1413456017
12	230	1	1445985001
28	230	1	1468524123
12	230	1	1493063716
15	231	1	1221549511
16	231	1	1260649233
89	231	1	1272709355
89	231	1	1272709654
16	231	1	1288046600
9	231	1	1322888506
9	231	1	1322889071
13	231	1	1326429597
9	231	1	1327007716
13	231	1	1332440574
19	231	1	1347894803
13	231	1	1387501485
90	231	1	1410636148
12	231	1	1431425439
28	231	1	1468523247
12	231	1	1493063693
15	232	1	1221546834
16	232	1	1236512692
16	232	1	1236658761
16	232	1	1237797161
16	232	1	1238767313
16	232	1	1245318867
16	232	1	1249709005
16	232	1	1250632652
16	232	1	1253645565
16	232	1	1279449768
16	232	1	1280162558
16	232	1	1280340635
31	232	1	1306493374
18	232	1	1319541553
18	232	1	1323750749
19	232	1	1339006904
19	232	1	1347398436
19	232	1	1350824642
19	232	1	1361796118
19	232	1	1376350551
12	232	1	1431427432
19	232	1	1443674033
19	232	1	1489784066
12	232	1	1493063740
30	233	1	1221146175
16	233	1	1234008629
16	233	1	1236228388
16	233	1	1237450004
16	233	1	1251482951
16	233	1	1259329345
16	233	1	1266236581
16	233	1	1267643319
16	233	1	1267676322
16	233	1	1267683556
16	233	1	1278798437
16	233	1	1280167746
13	233	1	1292636817
26	233	1	1294266621
52	233	1	1300441161
12	233	1	1316005637
18	233	1	1320152967
18	233	1	1322095362
31	233	1	1322749214
9	233	1	1322887076
13	233	1	1323920360
27	233	1	1330659813
12	233	1	1332423825
18	233	1	1336244380
19	233	1	1343251267
19	233	1	1376246432
12	233	1	1383825387
12	233	1	1407785017
12	233	1	1410688812
19	233	1	1419205582
19	233	1	1421297274
19	233	1	1440481178
48	233	1	1485340942
19	233	1	1487464686
12	233	1	1493063689
15	234	1	1221548093
30	234	1	1226174783
30	234	1	1234202396
16	234	1	1235970396
16	234	1	1236553580
16	234	1	1243294409
16	234	1	1247403123
16	234	1	1250632728
16	234	1	1250707219
16	234	1	1260117058
16	234	1	1267677749
16	234	1	1267755228
16	234	1	1272009208
16	234	1	1280154569
16	234	1	1281453674
52	234	1	1301186936
13	234	1	1304217280
12	234	1	1306194572
12	234	1	1307708746
13	234	1	1307876937
13	234	1	1309367178
18	234	1	1319270918
31	234	1	1322189467
18	234	1	1332414578
60	234	1	1347309157
19	234	1	1348498312
19	234	1	1376275026
13	234	1	1386680588
12	234	1	1409249504
19	234	1	1441059395
12	234	1	1443806214
28	234	1	1468524275
48	234	1	1484032081
12	234	1	1493063710
49	235	1	1272546780
15	235	1	1277146985
15	235	1	1277210665
15	235	1	1277744466
15	235	1	1277899616
13	235	1	1283447934
49	235	1	1286204641
13	235	1	1289089441
26	235	1	1294784771
26	235	1	1298656436
26	235	1	1303035045
12	235	1	1306138303
26	235	1	1311099365
26	235	1	1315137448
15	235	1	1319474259
15	235	1	1327074000
15	235	1	1327334777
15	235	1	1327335731
15	235	1	1327583629
15	235	1	1331902552
12	235	1	1338981776
12	235	1	1349079491
12	235	1	1349098013
12	235	1	1366960167
12	235	1	1374834011
12	235	1	1389182216
12	235	1	1407756613
12	235	1	1415095524
12	235	1	1418373755
12	235	1	1418720971
12	235	1	1419353745
12	235	1	1419708848
12	235	1	1419804993
12	235	1	1420307773
12	235	1	1420835174
12	235	1	1421359992
12	235	1	1422043460
12	235	1	1424282353
12	235	1	1425141053
12	235	1	1425332958
12	235	1	1426263546
12	235	1	1429707202
12	235	1	1442496708
12	235	1	1448613913
12	235	1	1468226784
12	235	1	1470050921
12	235	1	1476103439
12	235	1	1499070380
24	236	1	1220542688
24	236	1	1220542748
24	236	1	1220542894
9	236	1	1287750461
24	237	1	1220542719
9	237	1	1287750175
9	237	1	1287750195
9	237	1	1322882913
9	237	1	1322884024
24	238	1	1220543118
15	238	1	1222011990
15	238	1	1222029064
15	238	1	1231673324
15	238	1	1231962501
15	238	1	1232219069
15	238	1	1269984323
13	238	1	1283628373
91	238	1	1285515824
26	238	1	1303059498
31	238	1	1326032070
15	238	1	1327491008
12	238	1	1349086948
20	238	1	1353241901
15	238	1	1364742908
12	238	1	1417687173
12	238	1	1418804422
12	238	1	1418892305
12	238	1	1420209876
12	238	1	1420401326
12	238	1	1422040579
12	238	1	1424694325
12	238	1	1432568534
12	238	1	1447836701
12	238	1	1450089143
12	238	1	1466757369
12	238	1	1476352129
12	238	1	1499070379
24	239	1	1220543972
24	240	1	1220544048
15	241	1	1221547034
16	241	1	1245318724
16	241	1	1281649933
16	241	1	1281686033
16	241	1	1289105579
27	241	1	1336924686
13	241	1	1387554125
48	241	1	1482158809
12	241	1	1493063734
15	242	1	1221547176
16	242	1	1255424955
16	242	1	1272711177
16	242	1	1279104261
16	242	1	1283796607
13	242	1	1323010108
12	242	1	1345705995
12	242	1	1346614798
19	242	1	1347995663
19	242	1	1350651143
19	242	1	1367601267
12	242	1	1409654310
12	242	1	1411916615
20	242	1	1421084417
12	242	1	1459498604
28	242	1	1470774517
28	242	1	1487359342
12	242	1	1493063723
15	243	1	1221037613
15	244	1	1221037710
24	245	1	1221244835
15	246	1	1221549681
30	246	1	1225385057
16	246	1	1234780090
16	246	1	1252519475
16	246	1	1258394634
16	246	1	1270360835
16	246	1	1273951920
16	246	1	1280163809
16	246	1	1284314557
12	246	1	1307092905
12	246	1	1315556469
18	246	1	1321728895
18	246	1	1329994667
27	246	1	1336924845
19	246	1	1350883778
12	246	1	1383726156
13	246	1	1390093472
12	246	1	1412819082
12	246	1	1457515082
19	246	1	1487433733
12	246	1	1493063686
16	247	1	1236683733
25	247	1	1247588127
25	247	1	1248994009
16	247	1	1255556545
16	247	1	1255882159
16	247	1	1260649532
16	247	1	1262813326
9	247	1	1322889318
13	247	1	1326458325
9	247	1	1327007727
13	247	1	1330292026
19	247	1	1367979982
13	247	1	1387550311
48	247	1	1474197478
12	247	1	1493063713
30	248	1	1228846301
16	248	1	1234836291
16	248	1	1240074515
16	248	1	1240790602
25	248	1	1247588253
16	248	1	1248464981
16	248	1	1250401128
16	248	1	1251595514
16	248	1	1251732578
16	248	1	1256330910
16	248	1	1260625359
16	248	1	1277591511
16	248	1	1278847788
16	248	1	1280304165
26	248	1	1295380693
13	248	1	1300359973
31	248	1	1303676582
12	248	1	1318831140
18	248	1	1321164805
31	248	1	1322546009
18	248	1	1322817377
9	248	1	1322887216
9	248	1	1322887544
9	248	1	1322887552
27	248	1	1330961180
18	248	1	1332231254
19	248	1	1338968095
19	248	1	1342396030
19	248	1	1343265877
19	248	1	1376060754
13	248	1	1386887068
12	248	1	1408832016
19	248	1	1419781580
19	248	1	1439742547
20	248	1	1440316995
12	248	1	1458224477
48	248	1	1476659553
48	248	1	1481078133
28	248	1	1482414677
12	248	1	1493063697
30	249	1	1228152651
16	249	1	1233839575
16	249	1	1235648212
16	249	1	1241132015
16	249	1	1244618661
16	249	1	1246372184
25	249	1	1247588206
16	249	1	1248464973
16	249	1	1250687718
16	249	1	1250688452
16	249	1	1264439145
16	249	1	1269026705
16	249	1	1270931321
16	249	1	1272890846
16	249	1	1277649619
16	249	1	1281293199
26	249	1	1289940760
12	249	1	1313479671
18	249	1	1318956748
18	249	1	1321653473
18	249	1	1322706027
18	249	1	1329421038
13	249	1	1387502241
13	249	1	1388789285
20	249	1	1419704193
20	249	1	1422362667
12	249	1	1493063674
30	250	1	1228356430
16	250	1	1236227000
16	250	1	1241139438
16	250	1	1242495304
16	250	1	1246012518
16	250	1	1246762654
25	250	1	1247588274
16	250	1	1248464814
16	250	1	1255638889
16	250	1	1255982216
16	250	1	1258384277
16	250	1	1260725877
16	250	1	1269307128
16	250	1	1272844450
16	250	1	1277645609
16	250	1	1281292685
16	250	1	1281413620
52	250	1	1300072088
12	250	1	1305807046
12	250	1	1318589353
18	250	1	1318955692
18	250	1	1319245310
15	250	1	1320755820
18	250	1	1322815609
9	250	1	1327007740
12	250	1	1331794429
19	250	1	1346334514
19	250	1	1376034487
20	250	1	1396058474
19	250	1	1439742902
20	250	1	1440316444
12	250	1	1458219030
28	250	1	1484793744
12	250	1	1493063697
9	251	1	1287750246
9	251	1	1322883461
9	251	1	1322883722
9	251	1	1322884179
9	251	1	1322884268
9	251	1	1322884310
9	251	1	1322884329
9	251	1	1322884472
9	251	1	1322887810
9	251	1	1322887848
9	252	1	1287750264
9	253	1	1287750275
16	254	1	1235303739
16	254	1	1244774181
25	254	1	1247591263
16	254	1	1250150438
16	254	1	1262295221
16	254	1	1279146664
16	254	1	1280233994
16	254	1	1286185124
52	254	1	1300315972
31	254	1	1314982949
18	254	1	1322380207
31	254	1	1322446296
9	254	1	1322888870
9	254	1	1322888877
9	254	1	1327007750
27	254	1	1335044616
18	254	1	1362255864
19	254	1	1377179211
13	254	1	1390521277
12	254	1	1409489732
19	254	1	1445743118
12	254	1	1464722542
28	254	1	1487121990
12	254	1	1493063721
92	255	1	1223028385
24	256	1	1223123215
16	257	1	1234842045
25	257	1	1247590922
16	257	1	1251580736
16	257	1	1252275518
16	257	1	1257075620
16	257	1	1259250229
16	257	1	1260338080
16	257	1	1270212867
16	257	1	1271448147
16	257	1	1276032842
16	257	1	1278821257
16	257	1	1280687809
16	257	1	1283019047
13	257	1	1292463182
31	257	1	1302897398
13	257	1	1304148173
18	257	1	1319127410
31	257	1	1322340555
9	257	1	1322887300
9	257	1	1322888792
18	257	1	1330111225
27	257	1	1330799944
19	257	1	1338309904
19	257	1	1348221039
18	257	1	1360296088
19	257	1	1364534419
19	257	1	1369934151
19	257	1	1376954665
12	257	1	1384157160
12	257	1	1409476329
19	257	1	1420596047
12	257	1	1430393365
20	257	1	1440209020
19	257	1	1451433735
19	257	1	1459140288
12	257	1	1462346072
12	257	1	1464711589
12	257	1	1493063720
15	258	1	1232314637
30	258	1	1235080716
16	258	1	1239852266
16	258	1	1243308182
16	258	1	1246813342
16	258	1	1254222263
16	258	1	1258377894
16	258	1	1260660315
16	258	1	1271187849
16	258	1	1281450480
16	258	1	1287110289
16	258	1	1287258723
12	258	1	1306210412
13	258	1	1312582291
18	258	1	1330105490
18	258	1	1332441703
18	258	1	1336317127
19	258	1	1348422085
19	258	1	1350494090
19	258	1	1358517263
19	258	1	1370317172
12	258	1	1384601051
12	258	1	1409316893
12	258	1	1411564156
12	258	1	1430315960
20	258	1	1440211091
19	258	1	1451069939
12	258	1	1458638761
28	258	1	1483477259
12	258	1	1493063718
16	259	1	1233935156
16	259	1	1235694893
16	259	1	1238763311
16	259	1	1245247155
16	259	1	1246812361
25	259	1	1247590669
16	259	1	1254562921
16	259	1	1264285512
16	259	1	1272815442
16	259	1	1273613296
31	259	1	1304261855
31	259	1	1312471588
9	259	1	1322888752
9	259	1	1327007760
18	259	1	1329997560
18	259	1	1331575274
13	259	1	1336936050
12	259	1	1350635179
18	259	1	1358944158
69	259	1	1368152443
12	259	1	1382101526
13	259	1	1387501926
12	259	1	1406651987
12	259	1	1410875114
12	259	1	1424027915
19	259	1	1450312150
48	259	1	1481981012
12	259	1	1493063681
43	260	1	1225176758
43	261	1	1225350784
93	262	1	1225381299
93	263	1	1225384202
93	264	1	1225391675
93	265	1	1225392037
93	265	1	1226323888
43	266	1	1225417034
43	267	1	1225438066
93	268	1	1225444939
93	269	1	1225445313
93	270	1	1225466364
93	270	1	1225577826
93	270	1	1225593240
93	270	1	1225603869
93	270	1	1225663324
93	270	1	1225686312
93	270	1	1225736998
93	270	1	1225780151
93	270	1	1225845200
93	270	1	1225867385
93	270	1	1226019291
93	270	1	1226384830
93	270	1	1226505451
93	270	1	1227109854
93	270	1	1227883566
93	270	1	1229419838
93	270	1	1230238793
93	270	1	1230245293
93	270	1	1230773863
93	270	1	1231595264
93	270	1	1232074600
93	270	1	1232479339
93	270	1	1232486880
93	270	1	1233062371
93	270	1	1233104646
93	270	1	1233129719
93	270	1	1233216282
93	270	1	1233560491
93	270	1	1234457184
93	270	1	1234956533
93	270	1	1235332029
93	270	1	1235501017
93	270	1	1236131768
93	270	1	1237343476
93	270	1	1238051023
93	270	1	1238077392
93	270	1	1238723628
93	270	1	1240467212
43	271	1	1225588272
43	272	1	1225684685
43	273	1	1225775630
43	274	1	1225864994
93	275	1	1225936934
93	276	1	1225947950
93	277	1	1225966946
93	277	1	1226314793
93	278	1	1226244265
16	279	1	1234502226
16	279	1	1251281273
16	279	1	1255696233
16	279	1	1260636841
16	279	1	1277642941
89	279	1	1278594387
16	279	1	1283466656
26	279	1	1291905050
13	279	1	1297973782
52	279	1	1299927988
12	279	1	1319115707
18	279	1	1321368145
20	279	1	1356342551
18	279	1	1359748071
19	279	1	1376439186
13	279	1	1388591946
12	279	1	1408890743
12	279	1	1429829075
12	279	1	1463981623
48	279	1	1469934145
28	279	1	1488184938
12	279	1	1493063699
94	280	1	1226497689
43	281	1	1226548549
15	282	1	1227463243
16	282	1	1251537630
16	282	1	1258614798
16	282	1	1260128627
16	282	1	1270750814
16	282	1	1272095390
16	282	1	1279407981
16	282	1	1283060371
18	282	1	1319116755
15	282	1	1320699819
19	282	1	1350700532
19	282	1	1352101512
19	282	1	1357887200
19	282	1	1376205747
13	282	1	1387133805
12	282	1	1409122609
19	282	1	1438972964
19	282	1	1440953289
12	282	1	1458470449
19	282	1	1465656524
28	282	1	1468524406
28	282	1	1478070095
19	282	1	1484598629
12	282	1	1493063706
30	283	1	1233588506
16	283	1	1235512337
16	283	1	1285177166
18	283	1	1319122397
12	283	1	1321444167
20	283	1	1359844819
12	283	1	1371926023
19	283	1	1374857868
13	283	1	1387550529
12	283	1	1409131466
19	283	1	1440959784
19	283	1	1445249356
12	283	1	1464220018
28	283	1	1488288767
12	283	1	1493063706
9	284	1	1287750469
43	285	1	1227256944
43	286	1	1227888045
30	287	1	1228932328
25	287	1	1247590197
16	287	1	1251517976
16	287	1	1256412441
16	287	1	1258587648
16	287	1	1265576394
16	287	1	1266919155
16	287	1	1273021963
16	287	1	1278716591
16	287	1	1278814482
16	287	1	1279284010
16	287	1	1283530664
52	287	1	1300925431
31	287	1	1303978481
13	287	1	1307130215
31	287	1	1311441145
18	287	1	1319045347
27	287	1	1320334694
27	287	1	1320597347
9	287	1	1322887245
18	287	1	1323262206
19	287	1	1335295089
60	287	1	1343662404
12	287	1	1360418189
19	287	1	1376320861
13	287	1	1386629592
12	287	1	1408890616
19	287	1	1419918336
12	287	1	1429828958
19	287	1	1438712979
19	287	1	1440770874
12	287	1	1458272810
12	287	1	1463981457
28	287	1	1468524544
28	287	1	1488184894
12	287	1	1493063700
16	288	1	1233930595
16	288	1	1234631698
16	288	1	1241916201
25	288	1	1247590293
16	288	1	1263149091
41	288	1	1263924020
95	288	1	1263924065
16	288	1	1269777662
16	288	1	1278994015
16	288	1	1283282899
16	288	1	1285888260
16	288	1	1288885814
31	288	1	1304628745
13	288	1	1308062778
18	288	1	1319039033
18	288	1	1323163663
18	288	1	1331440039
18	288	1	1346287295
12	288	1	1350458146
18	288	1	1352403201
12	288	1	1355771062
20	288	1	1378130654
12	288	1	1381392616
12	288	1	1406309190
12	288	1	1412598551
12	288	1	1423934742
12	288	1	1463156423
28	288	1	1468523623
48	288	1	1473457482
12	288	1	1493063679
30	289	1	1231525013
25	289	1	1247589599
16	289	1	1251090386
16	289	1	1251470611
16	289	1	1258379304
16	289	1	1259324351
16	289	1	1265341674
16	289	1	1267676422
16	289	1	1267683309
16	289	1	1268863629
16	289	1	1278866564
16	289	1	1280347038
16	289	1	1285889810
13	289	1	1295807791
13	289	1	1304067465
12	289	1	1306396945
18	289	1	1319178405
31	289	1	1322610859
9	289	1	1322887307
12	289	1	1327063743
18	289	1	1330632605
27	289	1	1332407843
27	289	1	1333235449
27	289	1	1333500453
12	289	1	1343650335
19	289	1	1356293949
19	289	1	1376155741
13	289	1	1387840737
12	289	1	1409661693
90	289	1	1410639127
12	289	1	1410770187
19	289	1	1421054347
12	289	1	1427545209
19	289	1	1434095291
19	289	1	1441449024
12	289	1	1482238085
48	289	1	1485353957
12	289	1	1493063724
16	290	1	1233805997
16	290	1	1237696004
16	290	1	1256010198
16	290	1	1260140423
16	290	1	1267676115
16	290	1	1267750971
16	290	1	1268398714
16	290	1	1270153163
16	290	1	1283054776
16	290	1	1284319002
52	290	1	1299722938
18	290	1	1319103747
18	290	1	1321343328
31	290	1	1322645124
18	290	1	1330622600
12	290	1	1332405398
19	290	1	1335530082
19	290	1	1348488954
19	290	1	1356915542
12	290	1	1383639706
13	290	1	1390139268
20	290	1	1407263490
12	290	1	1410945350
19	290	1	1440429699
12	290	1	1442613661
19	290	1	1450410386
19	290	1	1468084726
48	290	1	1475556218
48	290	1	1483423916
19	290	1	1490916602
12	290	1	1493063686
16	291	1	1234781320
16	291	1	1236684902
16	291	1	1237687315
25	291	1	1247589508
16	291	1	1259174446
16	291	1	1261319426
16	291	1	1268862953
16	291	1	1272815457
16	291	1	1288665357
18	291	1	1319005630
18	291	1	1320764720
31	291	1	1322294678
18	291	1	1323747779
18	291	1	1331370096
18	291	1	1332694668
18	291	1	1334575301
12	291	1	1350973571
12	291	1	1379264617
13	291	1	1390003308
20	291	1	1402340485
12	291	1	1410824567
19	291	1	1450277077
12	291	1	1464880998
12	291	1	1493063673
30	292	1	1234124084
16	292	1	1235062211
16	292	1	1249721632
16	292	1	1259186316
16	292	1	1267385053
16	292	1	1280316107
16	292	1	1282067503
31	292	1	1311509556
18	292	1	1319134224
31	292	1	1322179615
19	292	1	1346819373
19	292	1	1358806830
13	292	1	1387550427
12	292	1	1409244605
20	292	1	1422372758
12	292	1	1464314659
28	292	1	1488372926
12	292	1	1493063708
15	293	1	1233229799
16	293	1	1233856054
16	293	1	1234075937
15	293	1	1234372230
16	293	1	1234402124
16	293	1	1235221686
16	293	1	1246895661
16	293	1	1260132582
16	293	1	1267240894
16	293	1	1280850021
16	293	1	1282921271
16	293	1	1285103810
13	293	1	1293057941
12	293	1	1306492415
13	293	1	1308690623
31	293	1	1322547338
31	293	1	1322707458
13	293	1	1323781887
12	293	1	1331796403
19	293	1	1338947265
60	293	1	1346009157
12	293	1	1380745995
12	293	1	1408657606
19	293	1	1441560628
12	293	1	1443806096
12	293	1	1459651950
28	293	1	1471209929
48	293	1	1485490095
12	293	1	1493063730
16	294	1	1233585511
16	294	1	1235623714
16	294	1	1246355463
16	294	1	1246898151
25	294	1	1247588629
16	294	1	1249825120
16	294	1	1261532181
16	294	1	1276569942
16	294	1	1277757901
18	294	1	1318999228
18	294	1	1320747247
18	294	1	1322693267
18	294	1	1326115888
18	294	1	1328140584
18	294	1	1329336794
18	294	1	1330450995
18	294	1	1333980252
12	294	1	1343130524
18	294	1	1346126403
15	294	1	1351037540
27	294	1	1377048749
13	294	1	1387502380
13	294	1	1390002121
20	294	1	1402311286
12	294	1	1405708990
12	294	1	1410637147
12	294	1	1441418314
12	294	1	1493063672
16	295	1	1234036380
16	295	1	1235092585
16	295	1	1255800518
16	295	1	1277384317
19	295	1	1342566156
28	295	1	1468525081
48	295	1	1473493660
48	295	1	1473916361
12	295	1	1493063735
16	296	1	1233468823
16	296	1	1234325476
16	296	1	1248985274
18	296	1	1322962910
43	297	1	1234153777
16	298	1	1236533900
13	298	1	1308363813
19	298	1	1368736703
12	298	1	1431425380
48	298	1	1473810658
48	298	1	1488255466
12	298	1	1493063696
16	299	1	1235569553
16	299	1	1236173891
16	299	1	1239271451
16	299	1	1239734160
16	299	1	1240873794
16	299	1	1241956692
16	299	1	1252142860
16	299	1	1268963865
16	299	1	1269438642
16	299	1	1278071549
16	299	1	1278710322
16	299	1	1286012851
13	299	1	1296467678
13	299	1	1298501374
52	299	1	1300783011
13	299	1	1304165401
13	299	1	1307727056
12	299	1	1318502390
18	299	1	1322811064
9	299	1	1322887182
12	299	1	1339662008
19	299	1	1345040098
12	299	1	1352890376
19	299	1	1354584897
19	299	1	1376800291
20	299	1	1392929522
12	299	1	1408813116
19	299	1	1421703723
19	299	1	1450809838
12	299	1	1458208724
28	299	1	1479296642
28	299	1	1488131620
12	299	1	1493063695
16	300	1	1234228405
16	300	1	1234749416
16	300	1	1236177489
30	300	1	1238959016
16	300	1	1244484002
16	300	1	1258375398
16	300	1	1286012439
31	300	1	1322679489
19	300	1	1346959965
12	300	1	1382474699
12	300	1	1493063726
43	301	1	1234569187
16	302	1	1235024528
30	302	1	1235079845
16	302	1	1247710637
9	302	1	1322889369
13	302	1	1336936652
19	302	1	1346850143
19	302	1	1350493790
19	302	1	1351471665
19	302	1	1358836460
19	302	1	1363090147
12	302	1	1376337866
12	302	1	1377539795
12	302	1	1378571914
13	302	1	1388768692
12	302	1	1430315827
20	302	1	1440186890
20	302	1	1443790746
19	302	1	1445421937
28	302	1	1468525413
28	302	1	1488403301
12	302	1	1493063719
43	303	1	1235278315
43	304	1	1235282148
16	305	1	1236260480
16	305	1	1246719234
16	305	1	1259182775
16	305	1	1262676873
16	305	1	1277376585
16	305	1	1279441013
28	305	1	1468525121
48	305	1	1473484257
12	305	1	1493063733
16	306	1	1236445058
16	306	1	1245080331
28	306	1	1468525141
48	306	1	1473480953
48	306	1	1482156462
48	306	1	1485396772
12	306	1	1493063732
16	307	1	1236176867
16	307	1	1265869144
16	307	1	1267671291
16	307	1	1279255258
13	307	1	1293342252
13	307	1	1307727025
31	307	1	1311518529
18	307	1	1323501900
12	307	1	1370374447
12	307	1	1381298707
13	307	1	1387502329
12	307	1	1412585492
12	307	1	1423922276
12	307	1	1432949075
12	307	1	1472562022
12	307	1	1493063674
16	308	1	1235787954
13	308	1	1318896555
13	308	1	1329084329
18	308	1	1330233055
13	308	1	1387502032
12	308	1	1493063681
16	309	1	1235963033
16	309	1	1236872719
16	309	1	1270132526
16	309	1	1277378583
16	309	1	1277933792
18	309	1	1319059140
13	309	1	1387554178
12	309	1	1466767868
28	309	1	1468525101
48	309	1	1473489615
48	309	1	1473916516
12	309	1	1493063734
16	310	1	1235973220
16	310	1	1262148167
16	310	1	1265764120
18	310	1	1319228692
9	310	1	1322889431
19	310	1	1368962239
28	310	1	1468525131
48	310	1	1473481273
12	310	1	1493063732
16	311	1	1236048860
16	311	1	1280320097
13	311	1	1327267962
27	311	1	1334328880
12	311	1	1431427721
28	311	1	1468525161
48	311	1	1482155976
12	311	1	1493063731
96	312	1	1236262475
16	313	1	1236466372
16	313	1	1245319383
16	313	1	1257621815
16	313	1	1289025422
13	313	1	1310075561
13	313	1	1387554248
28	313	1	1468525151
48	313	1	1473481085
12	313	1	1493063731
16	314	1	1236740686
13	314	1	1387554273
48	314	1	1469934405
48	314	1	1481253113
12	314	1	1493063731
93	315	1	1237307273
43	316	1	1237618891
43	317	1	1239509638
43	318	1	1239581484
43	319	1	1239585904
43	320	1	1240010943
43	321	1	1240018892
43	322	1	1240086826
43	323	1	1240090875
97	324	1	1242923832
26	324	1	1291926600
98	325	1	1246040190
75	325	1	1274372136
12	325	1	1334816150
12	325	1	1345407837
99	325	1	1444906156
37	325	1	1445194511
98	326	1	1246040201
100	326	1	1284204469
98	327	1	1246040207
100	327	1	1284204478
9	328	1	1322888208
9	328	1	1322888236
9	328	1	1322888269
9	328	1	1322888360
9	328	1	1322888420
9	328	1	1322888452
9	328	1	1322888484
9	328	1	1322888684
9	328	1	1327007937
12	328	1	1345618482
9	329	1	1322889120
9	331	1	1322888060
9	331	1	1322888080
9	331	1	1322888116
9	331	1	1322888552
9	331	1	1322888676
16	332	1	1246321548
16	332	1	1249730159
16	332	1	1253655578
16	332	1	1259151198
16	332	1	1261592671
16	332	1	1269386679
16	332	1	1278970890
26	332	1	1305895217
18	332	1	1323009215
19	332	1	1351177431
19	332	1	1351991320
12	332	1	1382194151
13	332	1	1387553952
12	332	1	1414082976
12	332	1	1430838938
19	332	1	1443671259
12	332	1	1465400188
19	332	1	1489782609
12	332	1	1493063740
16	333	1	1246321481
13	333	1	1295898347
13	333	1	1387554208
28	333	1	1468525111
48	333	1	1473231277
48	333	1	1482157606
12	333	1	1493063733
16	334	1	1246321416
16	334	1	1269125308
13	334	1	1295898369
13	334	1	1325602778
19	334	1	1375963721
13	334	1	1387550073
28	334	1	1468525346
12	334	1	1493063721
16	335	1	1246321693
16	335	1	1251463580
16	335	1	1251958796
16	335	1	1256328374
16	335	1	1258321243
16	335	1	1259328524
16	335	1	1265591982
16	335	1	1266258776
16	335	1	1269485271
16	335	1	1278856174
16	335	1	1283935181
26	335	1	1290984070
26	335	1	1291412152
52	335	1	1299603745
12	335	1	1318832563
15	335	1	1320438291
9	335	1	1322887222
31	335	1	1326465474
18	335	1	1332230363
19	335	1	1336329556
12	335	1	1343640489
19	335	1	1364031094
19	335	1	1369871732
19	335	1	1376062358
12	335	1	1408833835
12	335	1	1413004722
19	335	1	1419790023
12	335	1	1443377759
12	335	1	1443806647
12	335	1	1466630228
28	335	1	1468524620
12	335	1	1493063698
16	336	1	1246321602
16	336	1	1246828437
16	336	1	1258205459
16	336	1	1260120595
16	336	1	1261433924
16	336	1	1266594615
16	336	1	1269387038
16	336	1	1281447647
16	336	1	1287967180
13	336	1	1296086056
52	336	1	1299949082
12	336	1	1306212150
18	336	1	1319272585
31	336	1	1322314412
18	336	1	1332440873
27	336	1	1336303813
19	336	1	1348425651
19	336	1	1369689127
19	336	1	1376651394
12	336	1	1384609790
13	336	1	1386684717
12	336	1	1413467519
19	336	1	1441140225
20	336	1	1443873594
19	336	1	1452720077
28	336	1	1468525390
48	336	1	1474964962
28	336	1	1483479931
12	336	1	1493063720
16	337	1	1246321537
16	337	1	1256194821
16	337	1	1277365703
28	337	1	1468525091
48	337	1	1473916563
12	337	1	1493063734
9	338	1	1322883794
16	339	1	1246345213
16	339	1	1260636456
13	339	1	1305747927
9	339	1	1322883162
9	339	1	1322885807
9	339	1	1326826026
9	339	1	1327007791
19	339	1	1348180996
13	339	1	1387501724
12	339	1	1431425619
12	339	1	1493063687
25	340	1	1247590681
9	340	1	1322888579
9	340	1	1322888692
25	341	1	1247590707
25	341	1	1247595822
25	341	1	1247595912
9	341	1	1322889170
25	342	1	1247590732
25	342	1	1247595851
25	342	1	1247595927
9	342	1	1322889192
25	343	1	1247596653
25	344	1	1247597973
25	344	1	1247598087
25	344	1	1247598819
25	344	1	1247599954
25	345	1	1247598001
25	346	1	1247598020
25	347	1	1247598037
25	348	1	1247598699
25	348	1	1247598902
25	348	1	1247599119
25	348	1	1247599702
25	349	1	1247599453
25	350	1	1247599496
25	351	1	1247599638
25	352	1	1247599922
25	353	1	1247600139
25	354	1	1247600499
25	355	1	1247600839
25	356	1	1247600879
25	357	1	1247601370
25	358	1	1247601456
25	358	1	1247601714
25	358	1	1247913289
25	358	1	1247913792
25	358	1	1247918713
25	358	1	1247923604
25	358	1	1247924838
25	359	1	1247601904
25	359	1	1247921694
25	360	1	1247602140
25	360	1	1247602267
12	360	1	1448449307
25	361	1	1247913381
25	362	1	1247913464
25	363	1	1247913524
25	364	1	1247913581
25	365	1	1247913646
25	366	1	1247913702
25	367	1	1247913956
25	367	1	1247921654
55	367	1	1325890132
25	368	1	1247914027
25	368	1	1247921630
25	369	1	1247914099
25	369	1	1247921606
25	370	1	1247914334
25	371	1	1247914525
25	372	1	1247914638
25	373	1	1247915225
25	373	1	1247915267
25	373	1	1247915305
25	374	1	1247918741
25	375	1	1247918965
25	375	1	1248004012
25	376	1	1247919164
25	377	1	1247919244
25	378	1	1247919319
25	379	1	1247919408
25	379	1	1247925710
25	380	1	1247919703
25	381	1	1247919781
25	381	1	1247921572
25	382	1	1247919855
25	382	1	1247921532
25	383	1	1247919911
25	383	1	1247921504
25	384	1	1247920007
25	384	1	1247921460
25	385	1	1247920118
25	385	1	1247920249
25	386	1	1247920217
25	386	1	1247920404
25	386	1	1247921363
25	387	1	1247920316
25	387	1	1247921434
25	388	1	1247920528
25	388	1	1247921414
25	389	1	1247920610
25	389	1	1247921298
25	390	1	1247920923
25	390	1	1247921123
25	390	1	1247921261
25	391	1	1247921048
25	391	1	1247921171
25	391	1	1247921250
25	392	1	1247921123
25	393	1	1247921171
25	394	1	1247923752
25	394	1	1247923888
25	395	1	1247924032
95	395	1	1263923043
25	396	1	1247924938
25	397	1	1247924968
25	398	1	1247924992
25	399	1	1247925015
25	400	1	1247925053
25	401	1	1247925075
25	402	1	1247925741
25	403	1	1248004619
101	404	1	1248115861
16	405	1	1248201776
16	405	1	1248514432
16	405	1	1253749464
16	405	1	1256136608
16	405	1	1272969241
16	405	1	1275511899
16	405	1	1278962178
16	405	1	1281293010
13	405	1	1311940064
18	405	1	1321117546
12	405	1	1408814235
19	405	1	1436556874
12	405	1	1463918279
48	405	1	1474877429
28	405	1	1479297673
48	405	1	1487348973
12	405	1	1493063696
9	406	1	1287750437
9	406	1	1287750448
9	406	1	1322883940
12	407	1	1418719741
12	407	1	1418906971
12	407	1	1419351597
12	407	1	1419706647
12	407	1	1421449999
12	407	1	1421963179
12	407	1	1422019975
12	407	1	1423915753
12	407	1	1425139693
12	407	1	1426263532
12	407	1	1427795206
12	407	1	1432568658
12	407	1	1445938865
12	407	1	1470134514
12	407	1	1476217177
48	407	1	1492156497
12	407	1	1499070377
16	408	1	1248799474
16	408	1	1251452996
16	408	1	1255282421
16	408	1	1256137341
16	408	1	1281292918
16	408	1	1285798707
13	408	1	1292293965
13	408	1	1299145599
19	408	1	1341991858
19	408	1	1346096520
19	408	1	1350664372
19	408	1	1376623078
12	408	1	1408933505
19	408	1	1435185917
20	408	1	1440423039
48	408	1	1487841684
12	408	1	1493063700
16	409	1	1249144006
16	409	1	1253398242
16	409	1	1280162105
13	409	1	1307094318
13	409	1	1311889693
18	409	1	1319133084
18	409	1	1320152737
13	409	1	1336918116
12	409	1	1347296872
19	409	1	1350532083
12	409	1	1383825258
13	409	1	1387026140
12	409	1	1425224136
19	409	1	1440481146
19	409	1	1444446994
28	409	1	1479135122
48	409	1	1487348958
12	409	1	1493063689
16	410	1	1249413304
16	410	1	1251534806
16	410	1	1252339083
16	410	1	1256387603
16	410	1	1265460473
16	410	1	1270141293
16	410	1	1276565568
16	410	1	1278591219
16	410	1	1282874298
16	410	1	1283530682
13	410	1	1299208479
18	410	1	1319116451
9	410	1	1322887285
12	410	1	1323088092
18	410	1	1330446744
27	410	1	1333463070
12	410	1	1343807217
19	410	1	1356193428
19	410	1	1376344847
12	410	1	1409273986
19	410	1	1420403454
19	410	1	1441079908
12	410	1	1458596844
12	410	1	1464343989
28	410	1	1472876422
12	410	1	1493063712
16	411	1	1249507739
16	411	1	1251304449
16	411	1	1267820612
16	411	1	1269715529
16	411	1	1278625292
16	411	1	1282871783
16	411	1	1287512576
12	411	1	1307001528
12	411	1	1314254617
12	411	1	1382349839
12	411	1	1424034208
20	411	1	1432927469
12	411	1	1438927342
19	411	1	1440142918
12	411	1	1457106359
12	411	1	1493063681
16	412	1	1250016482
16	412	1	1258238804
16	412	1	1258376522
16	412	1	1277252811
16	412	1	1280668308
16	412	1	1288139974
16	412	1	1288180873
13	412	1	1292428520
52	412	1	1301224199
13	412	1	1304056712
12	412	1	1306207748
18	412	1	1319143491
31	412	1	1322263877
18	412	1	1322356564
27	412	1	1331550654
12	412	1	1355773259
19	412	1	1376569783
12	412	1	1409304131
20	412	1	1440202906
19	412	1	1445408748
12	412	1	1458626696
28	412	1	1468524171
48	412	1	1473002399
12	412	1	1493063715
16	413	1	1250016476
16	413	1	1260128047
16	413	1	1260645266
16	413	1	1265923788
16	413	1	1273517712
16	413	1	1277258025
16	413	1	1280672262
16	413	1	1282807186
16	413	1	1282960177
13	413	1	1296010157
52	413	1	1301224281
18	413	1	1322356405
12	413	1	1338311237
19	413	1	1349816462
12	413	1	1354309647
19	413	1	1374800531
19	413	1	1376569143
12	413	1	1384452326
12	413	1	1409303941
12	413	1	1430305589
20	413	1	1440203485
12	413	1	1458626502
28	413	1	1472914870
28	413	1	1483312315
12	413	1	1493063715
16	414	1	1250706514
16	414	1	1254377390
16	414	1	1270558658
15	414	1	1270718144
16	414	1	1277809265
16	414	1	1279463084
16	414	1	1283206556
13	414	1	1295909045
52	414	1	1300487708
9	414	1	1326826544
9	414	1	1327007809
19	414	1	1336383605
19	414	1	1350783867
18	414	1	1354306695
12	414	1	1431426667
12	414	1	1451423898
12	414	1	1493063698
16	415	1	1250706657
16	415	1	1251479987
16	415	1	1256412206
16	415	1	1257130490
16	415	1	1258400668
16	415	1	1277260318
16	415	1	1278258851
16	415	1	1278812853
16	415	1	1285758981
26	415	1	1290983800
13	415	1	1296647410
52	415	1	1300822873
12	415	1	1318850309
18	415	1	1321191501
9	415	1	1322887230
27	415	1	1331482369
12	415	1	1339672107
19	415	1	1342400775
19	415	1	1343080877
12	415	1	1343643797
19	415	1	1376099097
20	415	1	1406365691
12	415	1	1408841480
19	415	1	1419810042
12	415	1	1429791765
20	415	1	1440204626
19	415	1	1446722484
12	415	1	1458232325
12	415	1	1493063698
43	416	1	1251841676
43	417	1	1252738437
43	418	1	1252747057
43	419	1	1252818575
16	420	1	1255185505
16	420	1	1268862722
89	420	1	1272709582
18	420	1	1319103946
15	420	1	1320406949
13	420	1	1336679187
19	420	1	1350673601
13	420	1	1387026758
20	420	1	1433007433
19	420	1	1450410070
12	420	1	1469798683
48	420	1	1475556245
19	420	1	1487408648
12	420	1	1493063685
102	421	1	1256705254
103	422	1	1256854191
104	423	1	1259169268
104	423	1	1259417982
16	424	1	1259616805
16	424	1	1282850312
16	424	1	1285319768
18	424	1	1322348864
19	424	1	1342138536
19	424	1	1342937724
13	424	1	1387546832
12	424	1	1431426473
28	424	1	1468524207
28	424	1	1491883406
12	424	1	1493063714
105	425	1	1260073750
16	426	1	1263386287
16	426	1	1275302089
13	426	1	1311965450
18	426	1	1319143371
18	426	1	1322356304
19	426	1	1346856073
19	426	1	1356305695
13	426	1	1387546755
12	426	1	1464374159
19	426	1	1488543246
12	426	1	1493063715
16	427	1	1263386696
16	427	1	1285887105
13	427	1	1293347535
52	427	1	1299499952
31	427	1	1309858001
27	427	1	1333619193
12	427	1	1343642396
12	427	1	1347265431
12	427	1	1381313245
19	427	1	1448010264
12	427	1	1493063678
16	428	1	1263386361
52	428	1	1299321312
12	428	1	1321012818
9	428	1	1327007820
18	428	1	1359919099
19	428	1	1377189847
12	428	1	1411407496
12	428	1	1431426533
19	428	1	1445215017
19	428	1	1464737557
28	428	1	1485082715
48	428	1	1489202857
12	428	1	1493063705
95	429	1	1263922932
43	430	1	1264238614
43	431	1	1264293134
43	432	1	1264390594
79	433	1	1264403567
43	434	1	1264468709
43	435	1	1264474410
43	436	1	1264553274
43	437	1	1264722623
43	438	1	1264733374
43	439	1	1264920130
43	440	1	1264922658
43	441	1	1264924288
16	442	1	1265575439
16	442	1	1272329851
16	442	1	1283300270
16	442	1	1287218578
13	442	1	1303582687
15	442	1	1304694184
12	442	1	1317281791
19	442	1	1340884221
19	442	1	1350550502
13	442	1	1387501520
12	442	1	1411063434
28	442	1	1488064714
12	442	1	1493063691
16	443	1	1265464570
16	443	1	1265625707
16	443	1	1267687662
16	443	1	1273781915
16	443	1	1278795563
16	443	1	1279443163
16	443	1	1283272705
13	443	1	1289225385
13	443	1	1300866968
12	443	1	1321009617
18	443	1	1322866161
9	443	1	1322887263
9	443	1	1322887501
12	443	1	1333103086
18	443	1	1335020846
19	443	1	1343001742
12	443	1	1343732291
19	443	1	1356719567
19	443	1	1376062106
13	443	1	1386769168
12	443	1	1409074067
19	443	1	1420159103
19	443	1	1421797266
28	443	1	1487630276
12	443	1	1493063704
9	444	1	1327007828
12	444	1	1493063713
16	445	1	1265467758
12	445	1	1320751856
19	445	1	1339785483
12	445	1	1351232491
48	445	1	1482921635
12	445	1	1493063704
43	446	1	1266707489
43	446	1	1379474515
43	447	1	1266718498
16	448	1	1268147777
16	448	1	1271067558
16	448	1	1282961734
19	448	1	1348444939
12	448	1	1350931120
19	448	1	1357833749
19	448	1	1376853322
13	448	1	1387312578
12	448	1	1408996474
12	448	1	1429929158
28	448	1	1472606612
28	448	1	1484979992
12	448	1	1493063702
16	449	1	1268148529
16	449	1	1275102533
16	449	1	1275175137
16	449	1	1278634562
16	449	1	1279145897
16	449	1	1284559943
12	449	1	1317714547
9	449	1	1322887157
31	449	1	1326404809
18	449	1	1331220322
27	449	1	1333843598
19	449	1	1345700242
12	449	1	1360089315
19	449	1	1371318834
19	449	1	1374769391
19	449	1	1374859318
12	449	1	1411116517
19	449	1	1421461465
12	449	1	1426631263
19	449	1	1438298008
19	449	1	1440629936
12	449	1	1453802037
12	449	1	1463644212
12	449	1	1493063692
16	450	1	1268148228
16	450	1	1272165978
16	450	1	1275184492
16	450	1	1278052689
17	450	1	1303136806
13	450	1	1324638636
31	450	1	1326026927
12	450	1	1332756142
27	450	1	1336265698
13	450	1	1386609789
12	450	1	1411116406
12	450	1	1431425465
19	450	1	1438297903
19	450	1	1440629900
12	450	1	1461326103
12	450	1	1473109509
28	450	1	1479248317
28	450	1	1486412304
28	450	1	1488895692
12	450	1	1493063693
106	451	1	1268149052
16	451	1	1268176182
16	451	1	1270230456
16	451	1	1276552394
16	451	1	1277246151
16	451	1	1277699471
16	451	1	1278753838
16	451	1	1280667177
16	451	1	1281679480
16	451	1	1285070227
26	451	1	1290364641
13	451	1	1296197218
52	451	1	1299336916
52	451	1	1299859404
52	451	1	1299878027
18	451	1	1318966174
31	451	1	1322679093
9	451	1	1322887314
13	451	1	1324693539
18	451	1	1330622537
27	451	1	1332689787
19	451	1	1342564018
19	451	1	1359258565
12	451	1	1361564817
19	451	1	1361833387
19	451	1	1363412154
12	451	1	1410165172
19	451	1	1421155449
12	451	1	1429854785
12	451	1	1432280296
19	451	1	1434106260
28	451	1	1479802200
12	451	1	1493063728
107	452	1	1268602045
16	453	1	1268764703
60	453	1	1346183193
12	453	1	1351801283
12	453	1	1381960017
19	453	1	1442787136
12	453	1	1465376062
48	453	1	1482914860
12	453	1	1493063735
16	454	1	1268764660
13	454	1	1387554237
12	454	1	1493063733
108	455	1	1268922826
109	456	1	1270105595
110	457	1	1270217059
110	457	1	1379266391
110	458	1	1270404911
110	458	1	1379266397
110	459	1	1270565031
110	459	1	1379266398
111	460	1	1270656638
43	461	1	1271128049
89	462	1	1272709201
16	462	1	1272719366
16	462	1	1280223096
19	462	1	1348173014
19	462	1	1349011178
13	462	1	1387554104
12	462	1	1431427702
48	462	1	1485402101
12	462	1	1493063736
89	463	1	1272709732
16	463	1	1272719490
16	463	1	1275302116
13	463	1	1304218201
18	463	1	1319133660
31	463	1	1322189379
12	463	1	1322736303
18	463	1	1329680890
12	463	1	1333444172
19	463	1	1346404375
13	463	1	1387550347
12	463	1	1458575482
12	463	1	1464163595
48	463	1	1474953962
28	463	1	1488374635
12	463	1	1493063710
89	464	1	1273320678
16	464	1	1273367865
13	464	1	1326188346
19	464	1	1368423779
13	464	1	1387554311
12	464	1	1493063730
75	465	1	1274372267
75	465	1	1316861711
75	466	1	1274372414
16	467	1	1275195057
16	467	1	1277889124
16	467	1	1281172287
52	467	1	1296397300
31	467	1	1305388317
12	467	1	1315301752
18	467	1	1321126555
12	467	1	1343290485
19	467	1	1371472155
12	467	1	1374611883
19	467	1	1376470189
20	467	1	1394434918
12	467	1	1424896226
19	467	1	1440265865
19	467	1	1444359784
28	467	1	1474124691
19	467	1	1487397964
28	467	1	1490485008
12	467	1	1493063684
16	468	1	1275195262
18	468	1	1319342670
12	468	1	1320226427
18	468	1	1332324124
19	468	1	1350372885
19	468	1	1357835053
13	468	1	1390314269
12	468	1	1408998296
12	468	1	1410722794
12	468	1	1469795408
28	468	1	1484980974
12	468	1	1493063702
112	469	1	1276236574
89	470	1	1276512617
16	470	1	1276547381
16	470	1	1278754657
13	470	1	1304156074
18	470	1	1319194560
27	470	1	1320613655
31	470	1	1322699627
9	470	1	1322887326
31	470	1	1326655509
27	470	1	1333379272
27	470	1	1334568214
27	470	1	1336493312
19	470	1	1342431896
12	470	1	1343635329
12	470	1	1345478908
12	470	1	1361611391
12	470	1	1368990620
19	470	1	1373619793
19	470	1	1376165137
13	470	1	1386984312
12	470	1	1410177922
19	470	1	1421206838
12	470	1	1438596522
12	470	1	1439324035
20	470	1	1440386491
19	470	1	1451568923
12	470	1	1459605599
12	470	1	1493063729
89	471	1	1276512743
89	471	1	1276512760
16	471	1	1276554732
16	471	1	1281348960
13	471	1	1296413292
12	471	1	1315223908
18	471	1	1319091233
18	471	1	1320956938
18	471	1	1323368694
31	471	1	1326219737
18	471	1	1329410717
19	471	1	1350536437
19	471	1	1355715098
19	471	1	1367177734
19	471	1	1376175683
12	471	1	1383300505
12	471	1	1406913144
19	471	1	1419073599
19	471	1	1435039420
19	471	1	1438698821
12	471	1	1438993601
19	471	1	1440260035
12	471	1	1463446466
19	471	1	1468069030
28	471	1	1484481789
48	471	1	1487988756
28	471	1	1490476832
12	471	1	1493063684
43	472	1	1276993236
43	473	1	1277067115
43	474	1	1277159851
43	475	1	1277168853
43	476	1	1277179764
43	477	1	1277181222
43	478	1	1277248236
89	479	1	1277311152
16	479	1	1277365036
13	479	1	1293819201
13	479	1	1312582243
18	479	1	1319132004
13	479	1	1320437374
31	479	1	1326919511
27	479	1	1336606068
19	479	1	1338574372
12	479	1	1383305939
12	479	1	1438997823
19	479	1	1440265843
12	479	1	1445054990
28	479	1	1471263116
28	479	1	1484489142
12	479	1	1493063685
89	480	1	1277311190
16	480	1	1277561981
13	480	1	1291827067
31	480	1	1305329380
31	480	1	1312650849
18	480	1	1318974582
18	480	1	1321732595
18	480	1	1328099091
18	480	1	1329972508
27	480	1	1336726560
12	480	1	1375032775
20	480	1	1378667004
13	480	1	1387502044
12	480	1	1406323339
12	480	1	1410373180
12	480	1	1423941536
48	480	1	1489197133
12	480	1	1493063680
43	481	1	1277579847
43	481	1	1289088361
113	481	1	1308763846
113	481	1	1309107306
113	481	1	1322678772
113	481	1	1356646527
113	481	1	1356697385
89	482	1	1278594303
16	482	1	1278668165
16	482	1	1284821972
13	482	1	1292367799
13	482	1	1304103125
12	482	1	1306168550
13	482	1	1307082897
27	482	1	1320334144
18	482	1	1332362988
19	482	1	1346551273
13	482	1	1386681860
12	482	1	1409131921
19	482	1	1434881608
20	482	1	1440255204
12	482	1	1448645005
12	482	1	1458475844
48	482	1	1474955522
28	482	1	1486841184
48	482	1	1490422087
12	482	1	1493063706
43	483	1	1280796737
43	484	1	1280800678
114	485	1	1280960893
114	485	1	1281006816
114	486	1	1281097880
43	487	1	1281150312
43	488	1	1281154205
43	489	1	1281155765
43	490	1	1281159164
114	491	1	1281183533
43	491	1	1289146310
113	491	1	1308800528
113	491	1	1309111060
113	491	1	1356646526
43	492	1	1281233553
43	493	1	1281235298
114	494	1	1281259118
89	495	1	1281778801
16	495	1	1281842398
16	495	1	1289087279
13	495	1	1311433500
9	495	1	1322888652
18	495	1	1331778604
12	495	1	1354298744
13	495	1	1387550332
12	495	1	1431426519
12	495	1	1448722822
19	495	1	1465734284
12	495	1	1493063711
89	496	1	1281778865
16	496	1	1281845001
26	496	1	1290984236
13	496	1	1304215707
18	496	1	1319106832
12	496	1	1322730164
9	496	1	1322887278
12	496	1	1333439503
12	496	1	1343801550
19	496	1	1365365658
19	496	1	1376269983
12	496	1	1409248164
12	496	1	1411510947
19	496	1	1465728964
28	496	1	1472839742
28	496	1	1486937712
28	496	1	1491853346
12	496	1	1493063709
89	497	1	1281779047
89	497	1	1281779165
16	497	1	1281842854
18	497	1	1320841563
31	497	1	1322466065
13	497	1	1325273139
18	497	1	1339472532
12	497	1	1350973164
18	497	1	1352267485
12	497	1	1381139357
12	497	1	1412566277
12	497	1	1444870524
19	497	1	1462194534
12	497	1	1493063673
89	498	1	1281779147
16	498	1	1281843586
16	498	1	1283831125
26	498	1	1300007254
12	498	1	1316420030
18	498	1	1320435645
18	498	1	1322398900
13	498	1	1334982546
19	498	1	1346479207
19	498	1	1348585340
19	498	1	1369036100
12	498	1	1384855093
12	498	1	1407948286
12	498	1	1410394040
19	498	1	1419285097
19	498	1	1468140733
19	498	1	1487493852
12	498	1	1493063690
115	499	1	1281988867
115	500	1	1281988878
116	501	1	1282088751
117	501	1	1422986667
116	502	1	1282088762
117	502	1	1422986667
118	503	1	1282853239
57	503	1	1283675517
57	503	1	1283675911
57	503	1	1287589613
119	503	1	1287682508
14	503	1	1339455514
39	503	1	1415986610
12	503	1	1448313782
39	503	1	1467205574
39	503	1	1467342336
56	504	1	1282862596
43	505	1	1283021514
13	506	1	1283388460
13	506	1	1291846307
13	506	1	1293723041
43	507	1	1283394166
120	507	1	1395596356
121	508	1	1283396388
121	508	1	1284617899
122	508	1	1408317645
121	509	1	1283413127
85	510	1	1283649436
85	510	1	1283649498
85	510	1	1283649517
123	510	1	1283650167
57	511	1	1283675734
6	512	1	1285023629
89	513	1	1285421251
16	513	1	1285431912
13	513	1	1314354022
12	513	1	1322729867
20	513	1	1349379996
12	513	1	1351496408
28	513	1	1491853599
12	513	1	1493063709
89	514	1	1285421319
89	514	1	1285421328
16	514	1	1285435212
18	514	1	1322362440
13	514	1	1336936156
19	514	1	1350493630
19	514	1	1351471495
19	514	1	1363391377
12	514	1	1369934097
13	514	1	1387550109
12	514	1	1411565693
20	514	1	1425730468
19	514	1	1445422111
28	514	1	1478304819
28	514	1	1488403281
12	514	1	1493063719
91	515	1	1285516187
121	516	1	1285795646
9	517	1	1287171201
16	517	1	1287190289
13	517	1	1317842277
9	517	1	1322888632
9	517	1	1327007837
12	517	1	1353434315
13	517	1	1390251778
12	517	1	1431426649
28	517	1	1468524575
48	517	1	1475122044
12	517	1	1493063699
9	518	1	1287534663
57	519	1	1287589661
9	520	1	1287750216
12	520	1	1424695292
12	520	1	1426254867
12	520	1	1429177958
12	520	1	1432568587
12	520	1	1448617220
12	520	1	1466757596
12	520	1	1467230098
12	520	1	1470732680
12	520	1	1478772702
12	520	1	1499070371
9	521	1	1287750645
9	521	1	1287752399
9	521	1	1327007849
12	521	1	1493063679
9	522	1	1287750734
9	523	1	1287750779
9	524	1	1287750818
9	525	1	1287750840
9	526	1	1287750912
9	527	1	1287752181
9	528	1	1287752224
9	529	1	1287752341
9	530	1	1287753915
9	530	1	1287753999
16	530	1	1289053766
12	530	1	1306169406
18	530	1	1319364937
12	530	1	1321599074
9	530	1	1327007861
18	530	1	1330127522
19	530	1	1353890950
19	530	1	1367276635
13	530	1	1387550487
20	530	1	1398439494
12	530	1	1409137704
12	530	1	1413313689
19	530	1	1420223622
19	530	1	1450979388
12	530	1	1458480618
12	530	1	1464223707
28	530	1	1487632470
12	530	1	1493063707
9	531	1	1287754236
9	531	1	1287754270
9	531	1	1287754286
16	531	1	1287953304
13	531	1	1326282067
9	531	1	1327007870
18	531	1	1339566318
13	531	1	1387502227
20	531	1	1408186054
12	531	1	1431425674
12	531	1	1493063675
9	532	1	1287754270
9	533	1	1287754334
9	533	1	1287754372
16	533	1	1287787907
52	533	1	1299633883
31	533	1	1309952118
18	533	1	1320754919
18	533	1	1322797793
9	533	1	1327007877
19	533	1	1352051993
19	533	1	1352336744
19	533	1	1353533727
19	533	1	1356090104
19	533	1	1358094658
19	533	1	1362046751
19	533	1	1376173324
13	533	1	1387244800
12	533	1	1408566396
12	533	1	1426454873
19	533	1	1438244617
12	533	1	1439538932
12	533	1	1441774033
19	533	1	1448849507
19	533	1	1450714877
12	533	1	1457642984
12	533	1	1463628739
12	533	1	1466607532
48	533	1	1469933836
12	533	1	1493063692
9	534	1	1287754456
16	534	1	1287785731
13	534	1	1306255282
13	534	1	1309185285
9	534	1	1327007885
18	534	1	1328293839
12	534	1	1431425650
28	534	1	1468523602
48	534	1	1483020149
12	534	1	1493063680
121	535	1	1287791470
43	536	1	1289160960
43	537	1	1289173861
26	538	1	1289768340
26	538	1	1291925955
121	539	1	1289956167
121	539	1	1291480744
121	539	1	1295309591
124	539	1	1327094389
125	539	1	1337665366
125	539	1	1342549272
125	539	1	1349131839
125	539	1	1360201133
126	540	1	1290879993
126	540	1	1290881251
126	540	1	1291150906
126	540	1	1296209882
126	540	1	1296212971
126	540	1	1296489044
69	540	1	1301001676
115	541	1	1293736470
127	542	1	1294092487
31	543	1	1296205413
43	544	1	1296443454
43	544	1	1333239102
128	544	1	1390294028
129	545	1	1296560815
129	545	1	1388776888
43	546	1	1296618053
52	547	1	1296649500
43	548	1	1296784897
130	549	1	1298101671
130	549	1	1331645992
130	549	1	1401158207
130	549	1	1423193290
43	550	1	1298436382
43	551	1	1301870673
121	552	1	1302758192
43	553	1	1302978880
115	553	1	1331480482
43	554	1	1302983270
43	555	1	1302995118
43	556	1	1303351952
43	557	1	1305157793
43	557	1	1333912753
121	558	1	1306450010
121	559	1	1306522190
131	560	1	1306559392
132	561	1	1307398067
133	561	1	1332358692
113	562	1	1308810390
113	562	1	1308814691
113	563	1	1308814648
134	564	1	1309523173
113	565	1	1309540527
113	566	1	1309542620
43	567	1	1309571275
43	568	1	1309579837
43	569	1	1309583845
43	570	1	1309623854
43	571	1	1309632793
135	572	1	1313798272
136	573	1	1313857523
43	574	1	1314242854
43	574	1	1422213554
67	575	1	1314626300
75	576	1	1314729296
75	577	1	1314729296
43	578	1	1315765300
43	579	1	1315768662
43	580	1	1315773177
133	581	1	1318461465
43	582	1	1318984377
121	583	1	1319842717
121	583	1	1429212131
137	584	1	1319997968
138	584	1	1497570555
139	585	1	1320841688
139	586	1	1320841762
140	587	1	1321040268
140	588	1	1321204887
140	589	1	1321204888
141	590	1	1321635522
141	590	1	1349214362
43	591	1	1321748315
43	592	1	1321763845
43	593	1	1321849162
43	594	1	1321920186
43	595	1	1321923811
43	595	1	1322093840
43	596	1	1321927993
43	596	1	1322095502
113	597	1	1322001097
12	597	1	1334815772
12	597	1	1345408063
43	598	1	1322097495
43	599	1	1322098719
43	600	1	1322099988
9	601	1	1322884934
9	601	1	1322884954
9	601	1	1322887620
9	601	1	1322887644
18	601	1	1322980060
12	601	1	1328530669
13	601	1	1329140083
19	601	1	1342575701
12	601	1	1343635942
19	601	1	1371223641
19	601	1	1376167281
12	601	1	1410177590
19	601	1	1445989618
12	601	1	1459605166
48	601	1	1485194444
12	601	1	1493063729
9	602	1	1322885130
12	602	1	1323177238
19	602	1	1350475084
19	602	1	1350521565
19	602	1	1357078205
19	602	1	1376793650
12	602	1	1409287087
12	602	1	1413443728
19	602	1	1420428605
12	602	1	1430292657
12	602	1	1464357156
12	602	1	1493063713
9	603	1	1322885436
9	603	1	1322885525
9	603	1	1322885656
9	603	1	1322885713
9	604	1	1322886053
9	604	1	1322886844
31	604	1	1323352836
13	604	1	1387290116
20	604	1	1393349490
12	604	1	1431425569
12	604	1	1493063690
9	605	1	1322886233
9	606	1	1322886281
9	607	1	1322886326
9	608	1	1322886352
9	609	1	1322886397
9	610	1	1322886422
9	611	1	1322886458
9	612	1	1322886593
9	612	1	1322886748
9	612	1	1322886816
9	612	1	1322887778
9	613	1	1322887027
9	613	1	1322887923
15	613	1	1327770572
12	613	1	1334652155
12	613	1	1343825236
12	613	1	1344338472
12	613	1	1349095115
12	613	1	1349098313
69	613	1	1356562276
12	613	1	1363944557
12	613	1	1366957413
12	613	1	1374831559
12	613	1	1418589922
12	613	1	1419355191
12	613	1	1424950714
12	613	1	1425333129
12	613	1	1428871703
12	613	1	1432568633
12	613	1	1446447675
12	613	1	1466757917
12	613	1	1471260725
12	613	1	1491900720
12	613	1	1499070367
9	614	1	1322887662
9	614	1	1322887736
9	615	1	1322887681
9	615	1	1322887752
9	616	1	1322888160
13	616	1	1325774192
13	616	1	1326281999
9	616	1	1327007894
12	616	1	1328083654
13	616	1	1330972538
13	616	1	1387549997
12	616	1	1414153148
12	616	1	1453895187
12	616	1	1493063727
9	617	1	1322888918
15	617	1	1327769942
12	617	1	1334652053
15	617	1	1359128594
15	617	1	1364742668
12	617	1	1366957293
12	617	1	1374830224
12	617	1	1389174820
12	617	1	1424693067
12	617	1	1429705768
12	617	1	1432568131
12	617	1	1444118954
12	617	1	1466703233
12	617	1	1471930152
48	617	1	1475242429
12	617	1	1491902110
12	617	1	1499070362
43	618	1	1323016792
43	619	1	1323047179
43	620	1	1323050800
43	621	1	1323134005
133	622	1	1325969021
43	623	1	1326050049
121	624	1	1326330347
9	625	1	1326825996
13	625	1	1387546752
12	625	1	1431426471
48	625	1	1490586442
12	625	1	1493063716
9	626	1	1327005928
9	627	1	1327006441
9	628	1	1327007214
9	628	1	1327007907
18	628	1	1328253955
18	628	1	1342223495
18	628	1	1343010944
12	628	1	1343287779
12	628	1	1350975098
13	628	1	1387502150
12	628	1	1410842526
19	628	1	1436089133
12	628	1	1438850328
12	628	1	1444901555
12	628	1	1457018545
28	628	1	1468523637
48	628	1	1469933885
12	628	1	1472574734
12	628	1	1493063678
9	629	1	1327008164
18	629	1	1330030651
19	629	1	1335457572
12	629	1	1343639972
19	629	1	1356061921
19	629	1	1373840060
13	629	1	1387501548
12	629	1	1408477281
19	629	1	1421656860
20	629	1	1426679306
19	629	1	1440591625
19	629	1	1446245359
28	629	1	1468523323
28	629	1	1471808502
48	629	1	1480235513
19	629	1	1484551641
12	629	1	1493063691
69	630	1	1327353000
69	630	1	1327358918
69	630	1	1327500399
69	630	1	1327508032
69	630	1	1328962934
69	630	1	1334076073
69	630	1	1368063417
69	630	1	1368955954
69	631	1	1327353009
69	631	1	1327356960
69	631	1	1327498530
69	631	1	1327505964
69	631	1	1328956976
69	631	1	1334073732
69	631	1	1368061622
69	631	1	1368913785
133	632	1	1328132226
43	633	1	1329081496
43	634	1	1329096522
43	635	1	1329614459
115	636	1	1329729247
133	637	1	1329747427
133	638	1	1329761420
113	639	1	1329834281
113	640	1	1329838654
113	640	1	1356638491
142	641	1	1330233911
43	641	1	1346640195
115	642	1	1330671163
115	643	1	1330705431
43	644	1	1332041391
43	645	1	1333244832
43	646	1	1333420214
43	647	1	1333501046
43	647	1	1333583206
43	648	1	1333588126
43	649	1	1333906111
43	650	1	1333908212
133	651	1	1334114978
43	652	1	1334510727
107	653	1	1335652323
43	654	1	1336324292
43	655	1	1336328180
143	656	1	1336704758
144	657	1	1337369710
43	657	1	1344220295
43	657	1	1344231066
133	658	1	1338322839
145	659	1	1338437766
145	659	1	1338440743
145	659	1	1342490298
43	660	1	1338650607
43	661	1	1338656754
43	662	1	1338661536
43	663	1	1339380435
14	664	1	1339454931
19	664	1	1339511360
19	664	1	1374787592
12	664	1	1408744434
12	664	1	1426876658
19	664	1	1438330224
12	664	1	1439539887
19	664	1	1440642963
12	664	1	1463653384
28	664	1	1468523237
48	664	1	1473827193
28	664	1	1486427503
12	664	1	1493063694
14	665	1	1339455595
14	665	1	1339455716
14	665	1	1339455857
43	666	1	1339993878
33	667	1	1340568469
12	667	1	1340608123
12	668	1	1340604490
12	668	1	1340608946
12	668	1	1340708922
12	668	1	1416953895
12	668	1	1416954515
133	669	1	1340668840
43	670	1	1341260187
43	670	1	1344111178
43	671	1	1341262694
146	672	1	1342733902
10	673	1	1344084574
43	674	1	1344112617
43	675	1	1344380874
147	676	1	1344663102
148	677	1	1346363272
148	678	1	1346434674
27	678	1	1347173503
27	679	1	1346448871
43	680	1	1346628732
43	681	1	1346633943
43	682	1	1346638278
149	683	1	1347271536
150	684	1	1348936241
115	685	1	1351193134
115	686	1	1351241335
115	687	1	1351250871
115	688	1	1351250880
43	689	1	1355092734
43	690	1	1355113771
151	691	1	1355256816
152	692	1	1355727928
88	692	1	1491317711
133	693	1	1359583687
133	694	1	1359583761
151	695	1	1359912586
43	696	1	1360031996
153	696	1	1417132049
153	696	1	1487253395
43	697	1	1360036210
141	698	1	1360564768
43	699	1	1361151110
43	700	1	1361156511
154	701	1	1361973271
155	702	1	1363642864
43	703	1	1364141261
43	704	1	1364143675
43	705	1	1364147606
43	706	1	1364174106
43	707	1	1364175891
156	707	1	1451502433
157	708	1	1366114119
133	709	1	1367177192
158	710	1	1367357160
156	710	1	1451505992
159	711	1	1369584358
159	711	1	1380478308
43	711	1	1381707652
159	711	1	1384699364
159	711	1	1408421392
43	712	1	1370218852
160	713	1	1372495999
43	714	1	1372734910
43	715	1	1372821926
161	716	1	1375529595
162	717	1	1375726757
163	718	1	1376685362
163	719	1	1377992288
110	720	1	1379265471
110	721	1	1379265471
43	722	1	1379283827
43	723	1	1379303536
156	723	1	1451502430
43	724	1	1379465035
43	725	1	1379468593
43	726	1	1379561842
43	727	1	1379563330
43	728	1	1379564662
43	729	1	1379898399
43	730	1	1379899914
164	731	1	1379912310
164	731	1	1379912584
164	731	1	1379912626
164	731	1	1379912752
12	731	1	1493063688
43	732	1	1380160653
43	733	1	1380164829
43	734	1	1380396935
43	735	1	1380398292
43	736	1	1380401863
165	736	1	1385796675
165	736	1	1388052808
165	736	1	1391248891
43	736	1	1408628365
166	736	1	1411917961
167	736	1	1411919456
43	736	1	1413775227
43	736	1	1438466814
43	737	1	1380408393
165	737	1	1385474720
165	737	1	1386743317
165	737	1	1391656009
165	737	1	1393935778
166	737	1	1411917962
167	737	1	1411919456
43	737	1	1414903202
43	738	1	1381684938
43	739	1	1381702431
159	739	1	1382879197
159	739	1	1382932962
159	740	1	1382862070
168	741	1	1382905918
169	742	1	1383039310
170	743	1	1383341038
171	744	1	1384699208
172	745	1	1384784697
173	746	1	1384786558
174	747	1	1385384073
175	748	1	1387293636
176	749	1	1388839289
176	749	1	1424689895
43	750	1	1390176181
177	750	1	1487203799
43	751	1	1390255110
43	752	1	1390266264
178	753	1	1390300327
179	754	1	1392385661
179	755	1	1392392676
43	756	1	1393564692
43	757	1	1393571875
173	758	1	1394757313
180	759	1	1395185821
180	759	1	1395428067
180	759	1	1396579107
120	760	1	1395596356
181	761	1	1396563145
182	762	1	1396597258
39	763	1	1400531911
122	764	1	1408317645
43	765	1	1408642584
183	765	1	1461691338
43	766	1	1409110981
43	767	1	1410626316
184	767	1	1447390839
43	768	1	1410712378
43	769	1	1411006774
184	769	1	1447384112
166	770	1	1411917962
76	770	1	1415714252
43	770	1	1420955946
166	771	1	1411917962
76	771	1	1415714271
43	771	1	1420962521
167	772	1	1411919456
167	773	1	1411919456
185	774	1	1413470460
185	774	1	1447338892
185	774	1	1447621955
185	775	1	1413470482
43	776	1	1416718544
117	776	1	1472040678
117	776	1	1472139164
43	777	1	1416725042
117	777	1	1472040678
117	777	1	1472139164
153	778	1	1417132048
153	779	1	1417132049
43	780	1	1417326814
186	781	1	1418649577
33	782	1	1418716876
12	782	1	1418720953
12	782	1	1418805314
12	782	1	1418813168
12	782	1	1418893152
12	782	1	1419681388
12	782	1	1421359588
12	782	1	1421964765
12	782	1	1423658488
12	782	1	1423742964
12	782	1	1426263530
12	782	1	1432568655
12	782	1	1439886244
12	782	1	1442471889
12	782	1	1466757501
12	782	1	1471255454
187	782	1	1498301654
43	783	1	1421020809
43	784	1	1421114011
43	785	1	1421117947
43	786	1	1421121884
43	786	1	1423376390
147	786	1	1424432110
117	787	1	1422986667
117	788	1	1422986667
43	789	1	1423371901
43	790	1	1423378547
147	790	1	1424432111
43	791	1	1423709696
43	792	1	1423942478
188	793	1	1424201432
43	794	1	1424394741
117	794	1	1438202326
147	795	1	1424432110
147	796	1	1424432111
43	797	1	1424584436
117	797	1	1438202118
43	798	1	1424586504
76	798	1	1438218820
33	799	1	1424691086
33	799	1	1424691109
12	799	1	1424695393
12	799	1	1424810195
12	799	1	1425332848
12	799	1	1425582253
12	799	1	1426152848
12	799	1	1427719130
12	799	1	1428396747
12	799	1	1429093578
12	799	1	1432568665
12	799	1	1434968989
12	799	1	1437641878
12	799	1	1439814794
12	799	1	1442496560
12	799	1	1452873062
12	799	1	1466758017
187	799	1	1498446815
33	800	1	1424691242
12	800	1	1424692610
12	800	1	1432568057
12	800	1	1449827169
12	800	1	1466754500
12	800	1	1499070368
33	801	1	1425023317
12	801	1	1430770705
12	801	1	1432568160
12	801	1	1448619323
12	801	1	1466755781
12	801	1	1499070363
189	802	1	1425848680
33	803	1	1426165521
12	803	1	1426166125
12	803	1	1426255078
12	803	1	1426263364
12	803	1	1426523089
12	803	1	1426613730
12	803	1	1426686117
12	803	1	1427111935
12	803	1	1427145252
12	803	1	1427389664
12	803	1	1427795938
12	803	1	1427923514
12	803	1	1428486441
12	803	1	1429008427
12	803	1	1429261960
12	803	1	1430393694
12	803	1	1431684334
12	803	1	1432202408
12	803	1	1432568629
12	803	1	1432932583
12	803	1	1433533800
12	803	1	1434046687
12	803	1	1435308604
12	803	1	1438239431
12	803	1	1439287973
12	803	1	1440401679
12	803	1	1440678619
12	803	1	1442498181
12	803	1	1443175938
12	803	1	1443645960
12	803	1	1446148503
12	803	1	1446155408
12	803	1	1449223483
12	803	1	1450360982
12	803	1	1466758060
12	803	1	1466773267
12	803	1	1467230394
12	803	1	1467356202
12	803	1	1468186691
12	803	1	1468238575
12	803	1	1468571521
12	803	1	1472803942
12	803	1	1473164678
12	803	1	1479885729
12	803	1	1492895775
12	803	1	1499070373
33	804	1	1426165532
12	804	1	1426167314
12	804	1	1426263401
12	804	1	1426513094
12	804	1	1426600267
12	804	1	1427147347
12	804	1	1427389776
12	804	1	1427795756
12	804	1	1427923571
12	804	1	1428417296
12	804	1	1428921570
12	804	1	1429262623
12	804	1	1430910248
12	804	1	1431948055
12	804	1	1432568640
12	804	1	1432932465
12	804	1	1433533920
12	804	1	1434046811
12	804	1	1435668640
12	804	1	1438592769
12	804	1	1439973787
12	804	1	1440495252
12	804	1	1442222394
12	804	1	1442498305
12	804	1	1442567367
12	804	1	1443646109
12	804	1	1446148287
12	804	1	1446155705
12	804	1	1449129579
12	804	1	1450219169
12	804	1	1450635185
12	804	1	1467981756
12	804	1	1468219302
12	804	1	1468321177
12	804	1	1470055657
12	804	1	1470649257
12	804	1	1479211719
12	804	1	1479979390
12	804	1	1499070369
33	805	1	1426165543
12	805	1	1426167804
12	805	1	1426263534
12	805	1	1426587903
12	805	1	1426681244
12	805	1	1427229165
12	805	1	1427456213
12	805	1	1427799165
12	805	1	1427954279
12	805	1	1428485284
12	805	1	1429047615
12	805	1	1429261780
12	805	1	1431553225
12	805	1	1432122640
12	805	1	1432568660
12	805	1	1433326956
12	805	1	1433941873
12	805	1	1434973787
12	805	1	1438592845
12	805	1	1439973917
12	805	1	1440678191
12	805	1	1441698700
12	805	1	1442497479
12	805	1	1443646194
12	805	1	1446155521
12	805	1	1450218639
12	805	1	1450634945
12	805	1	1467098389
12	805	1	1468322310
12	805	1	1468585806
12	805	1	1470685777
12	805	1	1474055634
12	805	1	1479211562
12	805	1	1499070375
33	806	1	1426165649
12	806	1	1426255092
12	806	1	1426263366
12	806	1	1426523117
12	806	1	1426613753
12	806	1	1426686203
12	806	1	1427103014
12	806	1	1427192859
12	806	1	1427456814
12	806	1	1427799122
12	806	1	1427954567
12	806	1	1428485478
12	806	1	1428996182
12	806	1	1429528201
12	806	1	1430426837
12	806	1	1431692000
12	806	1	1432550491
12	806	1	1432932338
12	806	1	1433534135
12	806	1	1434441641
12	806	1	1436940754
12	806	1	1438764409
12	806	1	1440162405
12	806	1	1440678410
12	806	1	1442498424
12	806	1	1443646031
12	806	1	1446148200
12	806	1	1449234738
12	806	1	1450361465
12	806	1	1466758070
12	806	1	1479207562
12	806	1	1491915445
12	806	1	1499070370
33	807	1	1426242057
33	807	1	1426242353
12	807	1	1426253751
12	807	1	1426673349
12	807	1	1449253810
12	807	1	1499070386
33	808	1	1426242076
33	808	1	1426242134
12	808	1	1426253736
12	808	1	1426673348
12	808	1	1449253808
12	808	1	1499070386
33	809	1	1426242094
33	809	1	1426242192
12	809	1	1426263522
12	809	1	1426673653
12	809	1	1427793477
12	809	1	1430122132
12	809	1	1439281232
12	809	1	1446154297
12	809	1	1499070387
33	810	1	1426242117
12	810	1	1426254724
12	810	1	1429642405
12	810	1	1432568397
12	810	1	1435216598
12	810	1	1443527477
12	810	1	1466757477
12	810	1	1499070385
33	811	1	1426242149
12	811	1	1426263528
12	811	1	1428920825
12	811	1	1432568651
12	811	1	1442492256
12	811	1	1499070384
33	812	1	1426242177
12	812	1	1426254695
12	812	1	1426673654
12	812	1	1428920644
12	812	1	1431637923
12	812	1	1432568523
12	812	1	1439551066
12	812	1	1443185431
12	812	1	1466601999
12	812	1	1471934660
12	812	1	1499070388
33	813	1	1426242209
12	813	1	1426254190
12	813	1	1432568325
12	813	1	1446210108
12	813	1	1499070389
33	814	1	1426242225
12	814	1	1426253706
12	814	1	1426673347
12	814	1	1432568323
12	814	1	1442265969
12	814	1	1449253999
12	814	1	1466756371
12	814	1	1499070390
33	815	1	1426242255
12	815	1	1426253103
12	815	1	1426673215
12	815	1	1466755936
12	815	1	1499070391
33	816	1	1426242272
12	816	1	1426253078
12	816	1	1426673214
12	816	1	1449254527
12	816	1	1499070391
33	817	1	1426242291
12	817	1	1426254680
12	817	1	1432568384
12	817	1	1446212110
12	817	1	1499070392
33	818	1	1426242311
12	818	1	1426254673
12	818	1	1426673386
12	818	1	1442564574
12	818	1	1466757378
12	818	1	1499070393
33	819	1	1426242377
12	819	1	1426263540
12	819	1	1432568662
12	819	1	1438164712
12	819	1	1446154038
12	819	1	1466601140
12	819	1	1499070383
33	820	1	1426242406
33	820	1	1426242480
12	820	1	1426671445
12	820	1	1499070395
33	821	1	1426242452
12	821	1	1426252993
12	821	1	1466755850
12	821	1	1499070394
43	822	1	1426643983
39	823	1	1426840416
22	823	1	1429233057
39	823	1	1429245756
39	824	1	1426840417
22	824	1	1429233057
39	824	1	1429245756
39	825	1	1426840430
39	826	1	1426840430
22	826	1	1429233057
39	826	1	1429245756
39	827	1	1426840431
39	828	1	1426840432
22	828	1	1429233058
39	828	1	1429245756
39	829	1	1426840434
22	829	1	1429233058
39	829	1	1429245757
39	830	1	1426840434
22	830	1	1429233058
39	830	1	1429245757
121	831	1	1429212131
117	832	1	1438202118
117	833	1	1438202326
190	834	1	1438645152
38	835	1	1442652681
38	836	1	1442654224
38	836	1	1442654406
99	836	1	1442666728
38	837	1	1442654900
191	837	1	1442664603
190	838	1	1443816839
190	839	1	1443816839
190	840	1	1443816839
190	841	1	1443816839
190	842	1	1443816840
190	843	1	1443816840
190	844	1	1443816840
156	845	1	1451502430
156	846	1	1451502433
156	847	1	1451505992
183	848	1	1461695636
156	849	1	1462387208
192	850	1	1463824122
117	851	1	1472139164
117	852	1	1472139164
193	853	1	1485298336
12	853	1	1499070376
193	854	1	1485298464
193	855	1	1485298511
28	855	1	1488122863
12	855	1	1493063695
193	856	1	1485298551
48	856	1	1485351664
12	856	1	1493063725
193	857	1	1485298594
48	857	1	1485344911
12	857	1	1493063724
177	858	1	1487203799
153	859	1	1487253395
194	860	1	1491236020
195	861	1	1493399632
195	861	1	1493402485
138	862	1	1497570555
