1	1	1	1075383025
1	2	1	1075383025
1	3	1	1077421029
1	4	1	1086456841
1	5	1	1086456841
1	6	1	1086456841
1	7	1	1086456841
1	8	1	1086456841
1	9	1	1086456841
1	10	1	1086456841
1	11	1	1086456841
1	12	1	1086456841
1	13	1	1086456841
1	14	1	1086456841
1	15	1	1086456841
1	16	1	1086456841
1	17	1	1086456841
1	18	1	1086456841
1	19	1	1086456841
1	20	1	1086456841
1	21	1	1086456841
1	22	1	1086456841
1	23	1	1086456841
1	24	1	1086456841
1	25	1	1086456841
1	26	1	1086456841
1	27	1	1086456841
1	28	1	1086456841
1	29	1	1086456841
1	30	1	1086456841
1	31	1	1086456841
1	32	1	1086456841
1	33	1	1086456841
1	34	1	1086456841
1	35	1	1086456841
1	36	1	1086456841
1	37	1	1086456841
1	38	1	1086456841
1	39	1	1086456841
1	40	1	1086456841
1	41	1	1086456841
1	42	1	1086456841
1	43	1	1086456841
1	44	1	1086456841
1	45	1	1086456841
1	46	1	1086456841
1	47	1	1086456841
1	48	1	1086456841
1	49	1	1086456841
1	50	1	1086456841
1	51	1	1086456841
1	52	1	1086456841
1	53	1	1086456841
1	54	1	1086456841
1	55	1	1086456841
1	56	1	1086456841
1	57	1	1086456841
1	58	1	1086456841
1	59	1	1086456841
1	60	1	1086456841
1	61	1	1086456841
1	62	1	1086456841
1	63	1	1086456841
1	64	1	1086456841
1	65	1	1086456841
1	66	1	1086456841
1	67	1	1086456841
1	68	1	1086456841
1	69	1	1086456841
1	70	1	1086456841
1	71	1	1086456841
1	72	1	1086456841
1	73	1	1086456841
1	74	1	1086456841
1	75	1	1086456841
1	76	1	1086456841
1	77	1	1086456841
1	78	1	1086456912
2	79	1	1114209441
3	79	1	1429227556
4	80	1	1124673540
5	80	1	1140655344
6	80	1	1152033853
7	80	1	1156423994
7	80	1	1160169072
7	80	1	1167822438
7	80	1	1168349834
7	80	1	1170537559
7	80	1	1175191535
8	80	1	1192722691
4	80	1	1211414926
9	80	1	1213203649
9	80	1	1213203907
10	80	1	1276343827
11	80	1	1324061715
12	80	1	1344247529
13	80	1	1367332085
13	80	1	1367332240
13	80	1	1367334468
13	80	1	1367393656
14	80	1	1367660566
15	80	1	1367684168
16	80	1	1459519341
17	80	1	1472294007
18	80	1	1489657283
19	80	1	1493418911
20	81	1	1134293594
20	82	1	1134293606
21	82	1	1290569103
22	82	1	1290598136
23	83	1	1135725307
24	83	1	1154184936
9	83	1	1213203650
25	83	1	1351958795
23	84	1	1135724544
6	84	1	1152033938
4	84	1	1172313628
4	84	1	1172313814
4	84	1	1172313842
4	84	1	1220610468
23	85	1	1135724050
23	86	1	1135724177
26	87	1	1136412366
26	87	1	1442533218
26	88	1	1136412436
27	89	1	1137762412
28	90	1	1151849772
29	90	1	1277174255
29	90	1	1277175645
6	91	1	1152033476
6	91	1	1212878571
4	91	1	1212886141
4	91	1	1212911539
6	91	1	1213136020
6	92	1	1152033517
29	92	1	1225414692
6	93	1	1152033531
29	93	1	1225347469
6	94	1	1152033853
30	94	1	1318777189
6	95	1	1152034097
6	95	1	1152057143
4	95	1	1220441286
31	95	1	1220572584
4	95	1	1220609285
6	95	1	1220718807
4	96	1	1152566461
4	97	1	1152566492
24	98	1	1154185169
3	98	1	1429227556
32	99	1	1156423927
33	100	1	1160828326
29	100	1	1225272424
34	101	1	1160831771
34	102	1	1160831856
35	103	1	1163300373
35	103	1	1163310559
35	104	1	1163300522
36	104	1	1424808418
33	105	1	1169679222
36	105	1	1349097889
37	105	1	1359122791
36	105	1	1417592803
36	105	1	1418822706
36	105	1	1419610719
36	105	1	1424199056
36	105	1	1424268055
36	105	1	1424768816
36	105	1	1424809389
36	105	1	1425384349
36	105	1	1425670529
36	105	1	1425996027
36	105	1	1426165448
36	105	1	1428417172
36	105	1	1429167021
36	105	1	1431685129
36	105	1	1432578514
36	105	1	1433534358
36	105	1	1433538248
36	105	1	1439467007
36	105	1	1442220662
36	105	1	1444037203
36	105	1	1446208053
36	105	1	1466757676
36	105	1	1472640830
36	105	1	1486995503
36	105	1	1499070644
38	106	1	1188302208
39	107	1	1190588061
39	107	1	1190588085
39	107	1	1192483169
39	107	1	1194312298
38	108	1	1191930408
8	109	1	1192538941
3	109	1	1429227556
40	110	1	1194128529
40	110	1	1194128549
41	110	1	1217983758
42	110	1	1235332694
42	110	1	1242013528
42	110	1	1257272822
42	110	1	1273645589
42	110	1	1276682804
42	110	1	1279463642
43	110	1	1293451859
43	110	1	1318451559
43	110	1	1325401981
44	110	1	1334975515
45	110	1	1347805672
45	110	1	1349494116
45	110	1	1350673867
45	110	1	1356764311
45	110	1	1356974542
45	110	1	1373184209
43	110	1	1387501846
45	110	1	1429532348
45	110	1	1437097171
45	110	1	1440211421
45	110	1	1444315937
45	110	1	1450374899
45	110	1	1462353727
19	110	1	1486065330
19	110	1	1493416441
29	111	1	1192841197
29	111	1	1329613095
40	112	1	1194128487
4	112	1	1211416058
4	112	1	1211416280
4	112	1	1211416399
37	112	1	1221589940
42	112	1	1260458683
42	112	1	1286207996
45	112	1	1356562955
45	112	1	1439312823
19	112	1	1466547722
19	112	1	1493417650
46	113	1	1193789893
46	113	1	1199614066
47	114	1	1197195841
37	114	1	1221586680
42	114	1	1238675904
42	114	1	1245633714
10	114	1	1266000660
42	114	1	1273033625
10	114	1	1276523169
10	114	1	1277720885
42	114	1	1282873470
42	114	1	1288314010
10	114	1	1302632548
43	114	1	1387662408
48	114	1	1439137773
18	114	1	1489657224
18	114	1	1492054079
19	114	1	1493418831
47	115	1	1197195891
21	115	1	1290569091
22	115	1	1290598137
40	116	1	1194128487
4	116	1	1211415832
41	116	1	1215528865
41	116	1	1228330715
42	116	1	1237996142
42	116	1	1240681940
42	116	1	1242745046
42	116	1	1244488762
42	116	1	1260729115
42	116	1	1273725253
42	116	1	1275868199
42	116	1	1280015497
42	116	1	1285830722
42	116	1	1288799695
43	116	1	1291753489
43	116	1	1307063810
49	116	1	1323078685
37	116	1	1338996833
43	116	1	1386509587
45	116	1	1433216041
45	116	1	1435051246
36	116	1	1463120174
36	116	1	1466537872
36	116	1	1468647688
19	116	1	1493416271
40	117	1	1194128568
47	117	1	1197195947
43	117	1	1387662359
18	117	1	1489657194
18	117	1	1492053890
19	117	1	1493418881
39	118	1	1194312572
50	119	1	1196640155
51	119	1	1356415103
47	120	1	1197195330
47	120	1	1197195347
47	121	1	1197195518
9	121	1	1214939785
9	121	1	1214939944
42	121	1	1238511266
21	121	1	1290569080
22	121	1	1290598137
47	122	1	1197195691
45	122	1	1341238923
43	122	1	1387662321
19	122	1	1466549042
18	122	1	1492053696
19	122	1	1493419163
47	123	1	1197196014
47	124	1	1197196058
37	124	1	1221586640
42	124	1	1285691018
43	124	1	1300678692
43	124	1	1387662266
19	124	1	1466548952
18	124	1	1489657958
18	124	1	1492053605
19	124	1	1493419343
47	125	1	1197196127
42	125	1	1246814996
42	125	1	1260713707
43	125	1	1309559263
43	125	1	1387662350
19	125	1	1493418901
47	126	1	1197196259
4	127	1	1211413907
4	127	1	1211414737
42	127	1	1245656631
42	127	1	1260701526
43	127	1	1299959027
43	127	1	1387662261
19	127	1	1493419363
4	128	1	1211413641
4	128	1	1211414172
4	128	1	1211414413
42	128	1	1287079474
43	128	1	1299962643
43	128	1	1387657748
19	128	1	1493418190
52	129	1	1198876487
53	131	1	1202431686
53	132	1	1202431693
54	133	1	1206580239
4	134	1	1211411801
4	134	1	1211412650
55	134	1	1475956644
4	135	1	1211411845
4	135	1	1211412691
55	135	1	1475956661
4	136	1	1211411898
4	136	1	1211412705
55	136	1	1475956823
4	137	1	1211411949
4	137	1	1211412727
55	137	1	1475956653
4	138	1	1211412046
4	138	1	1211412744
10	138	1	1315738430
55	138	1	1475956713
55	138	1	1475957349
4	139	1	1211412085
4	139	1	1211412762
55	139	1	1475956798
4	140	1	1211412171
4	140	1	1211412780
55	140	1	1475957766
4	141	1	1211413133
4	141	1	1211413388
41	141	1	1215536871
41	141	1	1218705164
41	141	1	1219587132
56	141	1	1234466694
42	141	1	1235205940
56	141	1	1235330120
42	141	1	1242024316
42	141	1	1242946854
42	141	1	1250942433
42	141	1	1252414548
42	141	1	1253705325
42	141	1	1255405011
41	141	1	1262120384
42	141	1	1262285816
42	141	1	1275361138
42	141	1	1278414237
42	141	1	1278770414
49	141	1	1322962298
49	141	1	1327222834
48	141	1	1347539899
43	141	1	1386513652
45	141	1	1433222752
45	141	1	1448005506
45	141	1	1462205244
19	141	1	1466547361
18	141	1	1473045973
18	141	1	1474694946
19	141	1	1493416291
4	142	1	1211413213
4	142	1	1211415901
55	142	1	1475955747
4	143	1	1211413283
4	143	1	1211414626
4	144	1	1211413307
4	145	1	1211413340
4	146	1	1211413791
4	146	1	1211415930
55	146	1	1475956004
4	147	1	1211414305
4	147	1	1211414461
4	147	1	1211414554
4	147	1	1212886260
6	147	1	1227016465
10	147	1	1321370373
10	147	1	1321370489
10	147	1	1321370553
4	148	1	1211415195
42	148	1	1287078737
43	148	1	1299962646
19	148	1	1493418331
4	149	1	1211415250
42	149	1	1245670936
42	149	1	1260703449
43	149	1	1299959023
43	149	1	1387662291
19	149	1	1493419283
4	150	1	1211415561
43	150	1	1299962647
10	150	1	1315738361
10	150	1	1315738376
45	150	1	1341237873
19	150	1	1493418451
4	151	1	1211415597
42	151	1	1260701966
43	151	1	1299959020
10	151	1	1315738404
43	151	1	1387662393
19	151	1	1493418841
4	152	1	1211416058
4	153	1	1211416437
37	153	1	1221586661
42	153	1	1242799850
42	153	1	1245633684
43	153	1	1387662306
19	153	1	1466549022
18	153	1	1489657683
18	153	1	1492053733
19	153	1	1493419213
4	154	1	1212886260
9	155	1	1213203649
9	156	1	1213203650
57	157	1	1213209340
57	158	1	1213209401
58	159	1	1213747585
56	159	1	1234748435
58	159	1	1293369524
58	159	1	1336426982
58	159	1	1372517789
58	160	1	1214150280
6	161	1	1214532940
6	162	1	1214532967
6	163	1	1214533032
6	163	1	1214533086
4	163	1	1234654384
4	163	1	1234654423
4	163	1	1235172486
4	163	1	1235310128
4	163	1	1235310163
59	163	1	1283552506
60	163	1	1284513513
61	163	1	1319725599
62	163	1	1320324895
63	163	1	1346412568
36	163	1	1448310026
64	163	1	1465846460
64	163	1	1465847234
65	163	1	1468491701
65	163	1	1468491717
65	163	1	1468491735
65	163	1	1468491784
65	163	1	1468491818
65	163	1	1468491850
65	163	1	1468491866
65	163	1	1468491921
36	163	1	1472205406
32	164	1	1214984865
55	165	1	1475957759
55	166	1	1475956059
55	167	1	1475955760
10	168	1	1315738466
55	168	1	1475955337
55	168	1	1475955848
55	168	1	1475957343
55	169	1	1475955793
66	170	1	1234406692
66	170	1	1234406777
42	170	1	1245670925
42	170	1	1260710983
45	170	1	1341238894
67	170	1	1440646903
19	170	1	1466548982
18	170	1	1492053761
19	170	1	1493419273
37	171	1	1221109719
42	171	1	1287250050
43	171	1	1331170513
49	171	1	1360068243
45	171	1	1436030610
19	171	1	1466548254
18	171	1	1485409027
19	171	1	1493417880
37	172	1	1221588803
42	172	1	1234401710
42	172	1	1236708680
42	172	1	1238013435
42	172	1	1251409165
42	172	1	1253237300
42	172	1	1273695939
43	172	1	1304073432
43	172	1	1304893405
10	172	1	1311860402
43	172	1	1324866286
49	172	1	1330105400
45	172	1	1420499772
18	172	1	1469931667
19	172	1	1487018114
19	172	1	1493418160
37	173	1	1221589358
42	173	1	1238013380
42	173	1	1242457806
42	173	1	1250533590
42	173	1	1273698825
42	173	1	1277569947
43	173	1	1304893416
49	173	1	1330101596
45	173	1	1342113423
45	173	1	1368107662
19	173	1	1493418060
37	174	1	1221589328
56	174	1	1234465854
42	174	1	1238013393
10	174	1	1311860481
49	174	1	1324251941
45	174	1	1375675961
45	174	1	1446907668
19	174	1	1493418070
68	175	1	1217521940
55	176	1	1475956226
37	177	1	1221206056
37	177	1	1221262275
37	177	1	1221581748
37	177	1	1231595362
37	177	1	1236346399
37	177	1	1244233248
37	177	1	1244551990
37	177	1	1270022323
37	177	1	1277758271
69	177	1	1286135445
37	177	1	1307707497
70	177	1	1334874313
37	177	1	1364238473
71	177	1	1366220516
36	177	1	1417595473
36	177	1	1419350969
36	177	1	1420385924
36	177	1	1421959806
36	177	1	1422274854
36	177	1	1422480619
36	177	1	1424809581
36	177	1	1431638594
36	177	1	1447249769
36	177	1	1452858701
55	177	1	1475958298
10	178	1	1276522624
37	178	1	1277746669
37	178	1	1277793432
37	178	1	1277822097
37	178	1	1277892867
37	178	1	1277901342
37	178	1	1282903377
43	178	1	1283449258
56	178	1	1286136463
37	178	1	1307639253
43	178	1	1315178447
71	178	1	1331680577
37	178	1	1331707480
36	178	1	1349098245
37	178	1	1359114212
36	178	1	1411131601
36	178	1	1415101580
36	178	1	1418724452
36	178	1	1419352082
36	178	1	1419590722
36	178	1	1419805788
36	178	1	1420285744
36	178	1	1421702964
36	178	1	1422015556
36	178	1	1424281130
36	178	1	1424785469
36	178	1	1425333098
36	178	1	1426588119
36	178	1	1427891089
36	178	1	1431941556
36	178	1	1439903048
36	178	1	1466757597
55	178	1	1475958745
37	179	1	1231774319
37	179	1	1231865864
37	179	1	1232062908
37	179	1	1235303471
37	179	1	1235507104
37	179	1	1236197289
37	179	1	1269969740
37	179	1	1277161881
37	179	1	1277730405
37	179	1	1277902375
37	179	1	1282909147
43	179	1	1283447495
71	179	1	1286206838
43	179	1	1289084705
37	179	1	1307647095
37	179	1	1307965289
43	179	1	1315176614
37	179	1	1327333576
37	179	1	1331902955
36	179	1	1349098345
37	179	1	1364238711
36	179	1	1415103165
36	179	1	1417506737
36	179	1	1418300881
36	179	1	1418724376
36	179	1	1418732281
36	179	1	1418890675
36	179	1	1419357098
36	179	1	1420408589
36	179	1	1421186468
36	179	1	1422042512
36	179	1	1422391623
36	179	1	1424284004
36	179	1	1424810201
36	179	1	1426588082
36	179	1	1428956744
36	179	1	1432578553
36	179	1	1442496832
36	179	1	1466757403
36	179	1	1470051114
55	179	1	1475958704
11	180	1	1324071111
36	180	1	1349098799
37	180	1	1359121519
37	180	1	1364238731
72	180	1	1368993596
36	180	1	1408017422
36	180	1	1415101326
36	180	1	1417516288
36	180	1	1421053862
36	180	1	1421495681
36	180	1	1422859253
36	180	1	1424282451
36	180	1	1425767650
36	180	1	1426588104
36	180	1	1427971528
36	180	1	1428421237
36	180	1	1432933042
36	180	1	1435733018
36	180	1	1437484173
36	180	1	1466596224
55	180	1	1475957945
55	180	1	1475958170
37	181	1	1221590101
42	181	1	1238675902
10	181	1	1266000633
10	181	1	1267179752
42	181	1	1273033569
10	181	1	1276523131
10	181	1	1277720864
10	181	1	1302632565
45	181	1	1346403263
45	181	1	1374441653
19	181	1	1493417209
37	182	1	1221589659
42	182	1	1233860187
41	182	1	1234201824
42	182	1	1239151277
42	182	1	1242153004
42	182	1	1246897549
42	182	1	1260210698
42	182	1	1261074816
42	182	1	1261482617
42	182	1	1267240883
42	182	1	1273287517
42	182	1	1285098762
42	182	1	1286048948
42	182	1	1287391119
42	182	1	1288575531
43	182	1	1291681786
43	182	1	1307971444
49	182	1	1323596029
49	182	1	1332414226
44	182	1	1333443843
49	182	1	1340177204
45	182	1	1346404766
49	182	1	1360111618
45	182	1	1364561125
45	182	1	1376626488
43	182	1	1387657888
45	182	1	1435056458
45	182	1	1439626814
45	182	1	1441059344
36	182	1	1458573668
19	182	1	1469206486
18	182	1	1475596177
19	182	1	1485223158
19	182	1	1493418020
41	183	1	1218740883
37	183	1	1221549185
41	183	1	1228348051
41	183	1	1229450192
42	183	1	1233469253
56	183	1	1234466254
42	183	1	1235192887
42	183	1	1238589040
42	183	1	1249721709
42	183	1	1251483711
42	183	1	1251539392
42	183	1	1251595911
42	183	1	1258323913
42	183	1	1263355062
42	183	1	1265683570
42	183	1	1267241083
42	183	1	1272673568
42	183	1	1278806885
42	183	1	1280311420
42	183	1	1280850366
42	183	1	1281840159
42	183	1	1282946688
43	183	1	1291662189
43	183	1	1304163614
44	183	1	1323017378
49	183	1	1328127414
49	183	1	1331222808
44	183	1	1333291210
44	183	1	1333526267
43	183	1	1334986920
45	183	1	1342523238
45	183	1	1344075156
45	183	1	1354842477
45	183	1	1376767631
43	183	1	1386625511
45	183	1	1419740089
36	183	1	1429858496
45	183	1	1439743123
45	183	1	1440695776
36	183	1	1458205903
19	183	1	1493416831
73	184	1	1218643080
55	185	1	1475956917
37	186	1	1221589438
42	186	1	1236000802
42	186	1	1250447296
42	186	1	1250515982
42	186	1	1252914699
42	186	1	1253398763
42	186	1	1272719374
42	186	1	1275301108
43	186	1	1304218216
49	186	1	1323595779
49	186	1	1329681000
44	186	1	1333446204
45	186	1	1346404455
43	186	1	1387550367
36	186	1	1458575506
36	186	1	1464321706
18	186	1	1474953953
19	186	1	1488374618
19	186	1	1493418050
71	187	1	1221045528
37	187	1	1221107324
37	187	1	1221133770
37	187	1	1221150535
37	187	1	1221330961
37	187	1	1221335772
37	187	1	1221458690
37	187	1	1221491735
37	187	1	1231328560
37	187	1	1231420259
37	187	1	1231672849
37	187	1	1231849161
37	187	1	1232039031
37	187	1	1235301632
37	187	1	1236072635
37	187	1	1244724832
37	187	1	1269962318
37	187	1	1270022855
37	187	1	1277155287
43	187	1	1283447605
56	187	1	1286134846
36	187	1	1343720283
71	187	1	1346766338
48	187	1	1353225989
37	187	1	1364238630
36	187	1	1411132435
36	187	1	1414413661
36	187	1	1418723514
36	187	1	1418907002
36	187	1	1419351544
36	187	1	1420384979
36	187	1	1421494986
36	187	1	1421963211
36	187	1	1422019972
36	187	1	1423915810
36	187	1	1424809964
36	187	1	1426587988
36	187	1	1427795200
36	187	1	1432578551
36	187	1	1445938862
36	187	1	1470134511
55	187	1	1475958142
55	187	1	1475958154
36	187	1	1476090453
37	188	1	1221586821
37	188	1	1227766264
37	188	1	1233229953
42	188	1	1233855989
42	188	1	1234075875
42	188	1	1234230264
56	188	1	1234467836
42	188	1	1235221649
42	188	1	1246895463
42	188	1	1260132093
42	188	1	1267240678
42	188	1	1280849570
42	188	1	1282920908
42	188	1	1285103211
43	188	1	1293057961
43	188	1	1308690651
49	188	1	1323686631
43	188	1	1323781915
44	188	1	1336611488
45	188	1	1340644168
45	188	1	1346406956
43	188	1	1387554301
45	188	1	1434412686
45	188	1	1441560623
45	188	1	1446004467
36	188	1	1459651990
19	188	1	1471209911
18	188	1	1485490078
19	188	1	1493418661
37	189	1	1221590030
42	189	1	1236106285
42	189	1	1284141177
42	189	1	1284197813
45	189	1	1344758390
45	189	1	1346405436
45	189	1	1367337558
45	189	1	1368526336
45	189	1	1376922213
43	189	1	1387655562
45	189	1	1436300988
45	189	1	1449113848
19	189	1	1493417570
10	190	1	1276522416
37	190	1	1277744143
56	190	1	1286158458
43	190	1	1289095122
37	190	1	1307648116
43	190	1	1315182419
37	190	1	1327079124
36	190	1	1349098921
37	190	1	1359120760
37	190	1	1364238620
36	190	1	1411390885
36	190	1	1418801989
36	190	1	1420391368
36	190	1	1421360300
36	190	1	1422042075
36	190	1	1422277394
36	190	1	1423915664
36	190	1	1426587969
36	190	1	1428505650
36	190	1	1432578535
36	190	1	1446633283
55	190	1	1475958508
37	191	1	1221586491
37	191	1	1227766534
42	191	1	1235068960
42	191	1	1241539352
42	191	1	1247103756
42	191	1	1273667439
44	191	1	1336021589
45	191	1	1346409326
45	191	1	1352417781
45	191	1	1361949157
43	191	1	1387662178
45	191	1	1434986818
45	191	1	1443873586
19	191	1	1466548922
19	191	1	1487712701
19	191	1	1493419383
37	192	1	1231773724
37	192	1	1235378524
37	192	1	1236073722
37	192	1	1236196749
37	192	1	1244143186
37	192	1	1244733844
37	192	1	1246442880
37	192	1	1269980999
37	192	1	1277200025
43	192	1	1283446715
71	192	1	1299954273
37	192	1	1300192578
37	192	1	1307686114
37	192	1	1307742794
43	192	1	1315175675
37	192	1	1327132051
48	192	1	1353230278
36	192	1	1411388950
36	192	1	1418887382
36	192	1	1420386509
36	192	1	1421186403
36	192	1	1421934721
36	192	1	1426588027
36	192	1	1432578557
36	192	1	1445939137
36	192	1	1466599796
55	192	1	1475958673
36	192	1	1476092387
37	193	1	1221587138
56	193	1	1234467976
42	193	1	1236232273
45	193	1	1344399845
45	193	1	1345611543
45	193	1	1368450688
43	193	1	1387660718
48	193	1	1428506770
19	193	1	1493418611
37	194	1	1221337957
37	194	1	1221639154
37	194	1	1231672097
37	194	1	1244147091
37	194	1	1244208472
37	194	1	1277207857
56	194	1	1286157553
43	194	1	1290452126
37	194	1	1307689090
37	194	1	1319496234
37	194	1	1327135929
48	194	1	1353235820
37	194	1	1359142483
37	194	1	1364238740
36	194	1	1411383029
36	194	1	1416393341
36	194	1	1418387357
36	194	1	1420390390
36	194	1	1423779650
36	194	1	1424810205
36	194	1	1432578225
36	194	1	1439968942
36	194	1	1452872423
36	194	1	1471267632
55	194	1	1475958790
4	195	1	1232307891
4	195	1	1232308904
42	195	1	1245670950
10	195	1	1266000446
42	195	1	1287582929
43	195	1	1387662264
19	195	1	1466548942
19	195	1	1493419353
37	196	1	1221590343
37	196	1	1227766685
42	196	1	1235427075
42	196	1	1240071399
42	196	1	1242734822
42	196	1	1258322385
42	196	1	1267736773
42	196	1	1268147063
42	196	1	1274442877
42	196	1	1277615653
42	196	1	1280299627
42	196	1	1282855459
43	196	1	1296717397
43	196	1	1302387997
37	196	1	1304629866
43	196	1	1310477636
44	196	1	1323017078
44	196	1	1336991699
45	196	1	1352479464
45	196	1	1354844752
45	196	1	1358645180
45	196	1	1373634102
48	196	1	1402496443
45	196	1	1419739800
45	196	1	1433871341
36	196	1	1458205831
19	196	1	1493416841
37	197	1	1221588695
4	197	1	1232308856
4	197	1	1232308869
42	197	1	1236133615
10	197	1	1266000481
42	197	1	1274540398
45	197	1	1347690070
45	197	1	1350516485
43	197	1	1387657759
48	197	1	1428506500
45	197	1	1435812155
45	197	1	1447399639
19	197	1	1493418180
41	198	1	1220435109
42	198	1	1237213495
42	198	1	1240073884
42	198	1	1246302289
42	198	1	1249578613
42	198	1	1249613023
42	198	1	1254434730
42	198	1	1259982620
42	198	1	1260679789
42	198	1	1267737426
43	198	1	1291658436
43	198	1	1299867978
43	198	1	1307877606
49	198	1	1323567342
44	198	1	1335739696
44	198	1	1336992650
45	198	1	1346392410
45	198	1	1352579701
45	198	1	1370603311
45	198	1	1376715724
45	198	1	1433288147
45	198	1	1464440708
19	198	1	1493416711
37	199	1	1221587239
42	199	1	1233984378
56	199	1	1234468136
56	199	1	1236363241
42	199	1	1247665843
42	199	1	1259363796
42	199	1	1259543670
42	199	1	1267675638
42	199	1	1267683669
42	199	1	1283615419
49	199	1	1323681525
49	199	1	1330236795
49	199	1	1330961925
43	199	1	1336726068
45	199	1	1340634830
45	199	1	1350698240
43	199	1	1386799017
45	199	1	1434198603
45	199	1	1441554175
18	199	1	1475678288
18	199	1	1484033517
19	199	1	1488604884
19	199	1	1493418581
37	200	1	1221587559
41	200	1	1231525264
42	200	1	1251090304
42	200	1	1251470419
42	200	1	1258378905
42	200	1	1259323943
42	200	1	1265341112
42	200	1	1267675923
42	200	1	1267682677
42	200	1	1268863001
42	200	1	1278866065
42	200	1	1280346678
42	200	1	1285889534
43	200	1	1295807844
43	200	1	1304067505
43	200	1	1307160719
49	200	1	1323311828
49	200	1	1330632850
44	200	1	1332408062
44	200	1	1333235690
44	200	1	1333500691
45	200	1	1344009289
45	200	1	1356294119
45	200	1	1376155921
43	200	1	1387840795
45	200	1	1421054537
36	200	1	1427545089
45	200	1	1434095285
45	200	1	1441449022
18	200	1	1482912686
18	200	1	1485353939
19	200	1	1493418411
31	201	1	1220188826
42	201	1	1245670956
42	201	1	1288182587
19	201	1	1466548992
19	201	1	1493419263
42	202	1	1288045221
42	202	1	1288185542
43	202	1	1306620492
49	202	1	1356998359
45	202	1	1375051227
45	202	1	1449192593
19	202	1	1493417890
41	203	1	1220985363
37	203	1	1221590544
42	203	1	1242951557
42	203	1	1253397930
42	203	1	1255185427
42	203	1	1268862265
37	203	1	1319202117
37	203	1	1320407104
43	203	1	1336679217
45	203	1	1350673651
43	203	1	1387026778
48	203	1	1433007524
45	203	1	1450410044
18	203	1	1469931235
18	203	1	1475556237
45	203	1	1487408617
19	203	1	1493416521
41	204	1	1220984953
41	204	1	1226612462
42	204	1	1233805908
42	204	1	1237695993
42	204	1	1256010159
42	204	1	1260140003
42	204	1	1267675649
42	204	1	1267750588
42	204	1	1268397575
42	204	1	1270152748
42	204	1	1283054307
42	204	1	1284318790
43	204	1	1301054079
49	204	1	1323177109
49	204	1	1330622800
44	204	1	1332408633
44	204	1	1335532293
45	204	1	1348489045
45	204	1	1356915652
43	204	1	1386772085
43	204	1	1390139332
48	204	1	1407263691
45	204	1	1432568116
45	204	1	1440429690
45	204	1	1444382961
45	204	1	1450410342
19	204	1	1467518374
18	204	1	1475556199
18	204	1	1483423901
45	204	1	1490916558
19	204	1	1493416531
37	205	1	1221586620
56	205	1	1234467756
42	205	1	1234723529
42	205	1	1237692630
42	205	1	1240532150
42	205	1	1242951473
42	205	1	1246362604
42	205	1	1260461826
42	205	1	1268236433
42	205	1	1281954271
44	205	1	1335672515
45	205	1	1345083516
45	205	1	1346409436
45	205	1	1350829647
43	205	1	1387662226
45	205	1	1436786992
19	205	1	1466548932
18	205	1	1473171831
19	205	1	1493419373
42	206	1	1277564159
43	206	1	1387662334
19	206	1	1493419143
4	207	1	1235685080
4	207	1	1235685123
42	207	1	1277559410
19	207	1	1493416541
37	208	1	1221590434
56	208	1	1234466514
42	208	1	1236426929
43	208	1	1314609552
43	208	1	1325785478
45	208	1	1437919061
45	208	1	1475615143
19	208	1	1493416621
4	209	1	1220366233
31	209	1	1220398582
31	209	1	1220398637
31	209	1	1220398667
31	210	1	1220398629
4	210	1	1220609364
37	211	1	1221586710
42	211	1	1260784814
10	211	1	1277720583
43	211	1	1316653748
43	211	1	1327653547
43	211	1	1387660444
48	211	1	1444685146
18	211	1	1492054067
19	211	1	1493418801
37	212	1	1221590061
42	212	1	1245793209
42	212	1	1277295061
10	212	1	1277720557
43	212	1	1325827482
45	212	1	1370232955
43	212	1	1387655577
19	212	1	1493417410
37	213	1	1221589067
56	213	1	1234465594
42	213	1	1254327227
10	213	1	1277199207
43	213	1	1301522304
43	213	1	1307130245
49	213	1	1323607110
43	213	1	1387657783
45	213	1	1436213168
19	213	1	1488395379
19	213	1	1493418110
4	214	1	1220609548
37	214	1	1221589158
37	214	1	1227766824
56	214	1	1234465674
42	214	1	1235949680
42	214	1	1247498416
42	214	1	1260339261
42	214	1	1269644204
42	214	1	1273788256
43	214	1	1292423039
43	214	1	1304047525
49	214	1	1324122747
49	214	1	1338021352
45	214	1	1359004760
45	214	1	1367313805
43	214	1	1387332373
45	214	1	1420456581
45	214	1	1441108187
45	214	1	1445398222
45	214	1	1484615327
19	214	1	1493418091
37	215	1	1221589910
42	215	1	1246271837
42	215	1	1257028559
43	215	1	1306620499
45	215	1	1346405356
49	215	1	1354965333
45	215	1	1446814133
19	215	1	1466547712
19	215	1	1493417690
71	216	1	1221045624
42	216	1	1245670947
42	216	1	1260835119
43	216	1	1300696720
43	216	1	1387662311
19	216	1	1466549032
18	216	1	1492053729
19	216	1	1493419203
74	217	1	1220717750
6	217	1	1220718609
6	218	1	1220718609
42	219	1	1286206722
43	219	1	1387655530
19	219	1	1493417670
42	220	1	1245670922
42	220	1	1260835090
19	220	1	1493419193
37	221	1	1221033238
37	222	1	1221033247
4	222	1	1221064770
4	222	1	1221064914
4	223	1	1221065078
71	223	1	1221132621
37	224	1	1221588434
37	224	1	1232295864
56	224	1	1234465094
42	224	1	1236000703
42	224	1	1242815904
42	224	1	1246029238
42	224	1	1251469655
42	224	1	1251595344
42	224	1	1257076198
42	224	1	1259251006
42	224	1	1275598745
42	224	1	1277368624
42	224	1	1283629191
43	224	1	1304015141
49	224	1	1322970330
49	224	1	1330117662
43	224	1	1334990844
44	224	1	1336306512
45	224	1	1354701153
45	224	1	1357887067
49	224	1	1360355687
45	224	1	1374783412
43	224	1	1387330151
45	224	1	1420693590
36	224	1	1429859370
19	224	1	1493418261
37	225	1	1221588294
41	225	1	1231500581
42	225	1	1233613071
56	225	1	1234464634
42	225	1	1235951703
42	225	1	1243722478
42	225	1	1250244614
42	225	1	1257025372
42	225	1	1260227387
43	225	1	1292482505
49	225	1	1322974128
44	225	1	1332947631
44	225	1	1337100166
45	225	1	1343006588
45	225	1	1346882112
48	225	1	1354953035
45	225	1	1374218029
43	225	1	1387413245
45	225	1	1435247431
45	225	1	1451461140
19	225	1	1485375634
19	225	1	1493418301
37	226	1	1221588042
37	226	1	1232149311
42	226	1	1249580297
42	226	1	1266344717
42	226	1	1267736612
43	226	1	1299867938
43	226	1	1308551681
43	226	1	1324359450
44	226	1	1335573379
45	226	1	1346408076
43	226	1	1387660944
48	226	1	1409193322
19	226	1	1466548768
19	226	1	1473151140
19	226	1	1483725266
19	226	1	1493418351
42	227	1	1234315057
42	227	1	1238667132
42	227	1	1249681557
42	227	1	1251992564
42	227	1	1253752412
42	227	1	1256999554
43	227	1	1307157472
43	227	1	1324321528
43	227	1	1337091119
43	227	1	1340505080
45	227	1	1342977068
45	227	1	1346890181
43	227	1	1387657675
45	227	1	1488844662
19	227	1	1493418271
56	228	1	1234464834
42	228	1	1238667341
42	228	1	1243315380
42	228	1	1255981677
42	228	1	1260661685
42	228	1	1262148523
42	228	1	1278262327
56	228	1	1292345181
43	228	1	1297205580
43	228	1	1324321408
43	228	1	1337091289
45	228	1	1346876108
45	228	1	1350532090
43	228	1	1387413271
48	228	1	1389457901
48	228	1	1407302166
45	228	1	1436333058
45	228	1	1441319284
19	228	1	1483633725
19	228	1	1493418281
56	229	1	1234465994
42	229	1	1236131239
42	229	1	1239276703
42	229	1	1248143283
42	229	1	1257100591
42	229	1	1257123883
43	229	1	1324247400
44	229	1	1337093822
45	229	1	1346572856
43	229	1	1387658115
19	229	1	1493417870
53	230	1	1221619406
29	230	1	1225437369
56	231	1	1234466034
42	231	1	1236134386
42	231	1	1257025342
42	231	1	1268848497
42	231	1	1274994011
42	231	1	1287412403
42	231	1	1288090212
43	231	1	1295617210
49	231	1	1322968223
49	231	1	1330089222
45	231	1	1342912507
43	231	1	1387655220
45	231	1	1435555565
36	231	1	1464227554
19	231	1	1493417810
41	232	1	1231276146
42	232	1	1246450474
42	232	1	1248994913
42	232	1	1260133582
49	232	1	1323912560
43	232	1	1324015252
45	232	1	1344729103
45	232	1	1345738214
43	232	1	1387409827
45	232	1	1435829566
45	232	1	1445068792
19	232	1	1484806872
19	232	1	1493416903
41	233	1	1231278893
42	233	1	1235213027
42	233	1	1236959005
42	233	1	1237715168
42	233	1	1246198945
42	233	1	1246695072
42	233	1	1251088854
42	233	1	1265265754
42	233	1	1266617449
42	233	1	1278206778
42	233	1	1279807477
43	233	1	1292423068
49	233	1	1323607190
49	233	1	1332432529
45	233	1	1342546023
45	233	1	1344169377
45	233	1	1365003948
45	233	1	1365377847
45	233	1	1367314125
45	233	1	1376528721
45	233	1	1420456852
45	233	1	1434020804
45	233	1	1441108217
45	233	1	1451060356
36	233	1	1458621698
19	233	1	1488395160
19	233	1	1493418080
56	234	1	1234464774
42	234	1	1235116984
10	234	1	1277199634
10	234	1	1277199711
42	234	1	1277384993
42	234	1	1277694814
42	234	1	1280590638
43	234	1	1292480817
43	234	1	1296084408
49	234	1	1322970211
45	234	1	1346881087
45	234	1	1357533358
45	234	1	1363419747
45	234	1	1364259930
48	234	1	1389381722
48	234	1	1428515102
19	234	1	1493418291
75	235	1	1222968463
4	236	1	1223057367
21	236	1	1290569127
22	236	1	1290598135
42	237	1	1245670946
43	237	1	1295274044
43	237	1	1387662268
19	237	1	1493419333
42	238	1	1257351506
43	238	1	1295274042
43	238	1	1387657746
19	238	1	1493418201
41	239	1	1227725403
42	239	1	1235987570
42	239	1	1238387226
42	239	1	1243240738
42	239	1	1246763303
42	239	1	1248970477
42	239	1	1249159911
42	239	1	1260718951
42	239	1	1273845475
42	239	1	1281718434
42	239	1	1282461802
43	239	1	1299826158
49	239	1	1323599285
49	239	1	1327734127
49	239	1	1330050409
44	239	1	1330970515
44	239	1	1334760049
45	239	1	1346006340
45	239	1	1347741570
45	239	1	1348621670
45	239	1	1376904417
43	239	1	1387413710
45	239	1	1433316246
36	239	1	1463577166
19	239	1	1467824956
19	239	1	1493416731
41	240	1	1225403475
42	240	1	1235987718
42	240	1	1242783383
42	240	1	1246765282
42	240	1	1249158852
42	240	1	1252086967
42	240	1	1273568021
43	240	1	1307885386
49	240	1	1323599185
49	240	1	1330151336
44	240	1	1330970116
45	240	1	1340303641
45	240	1	1346006069
45	240	1	1346528000
45	240	1	1350678041
45	240	1	1376904081
45	240	1	1433316186
36	240	1	1463267160
19	240	1	1484633784
19	240	1	1493416741
56	241	1	1234468497
42	241	1	1251126791
42	241	1	1254178509
42	241	1	1256137547
42	241	1	1256327099
42	241	1	1259237905
42	241	1	1259631168
42	241	1	1271460799
42	241	1	1287192140
43	241	1	1292501282
43	241	1	1307173652
49	241	1	1323302296
44	241	1	1330823499
45	241	1	1342928729
45	241	1	1343182818
45	241	1	1350452501
45	241	1	1350570296
45	241	1	1355751897
49	241	1	1360451947
48	241	1	1408886048
45	241	1	1420818111
36	241	1	1458892425
36	241	1	1464787651
19	241	1	1493418341
56	242	1	1234467936
42	242	1	1236128467
42	242	1	1245345778
42	242	1	1253399601
42	242	1	1275462907
42	242	1	1278726287
43	242	1	1292794692
43	242	1	1324526361
43	242	1	1325965627
45	242	1	1340641521
45	242	1	1346407046
45	242	1	1350690756
45	242	1	1434403198
19	242	1	1487454156
19	242	1	1493418651
56	243	1	1234467556
42	243	1	1236333435
42	243	1	1249106507
42	243	1	1252341312
42	243	1	1257350652
42	243	1	1271692744
42	243	1	1273825570
42	243	1	1280618836
56	243	1	1291337199
45	243	1	1346409136
45	243	1	1351196357
45	243	1	1353353940
45	243	1	1444015622
19	243	1	1493419636
42	244	1	1239485177
42	244	1	1257354745
45	244	1	1341236737
44	244	1	1348185153
45	244	1	1374887645
43	244	1	1387658214
19	244	1	1493417820
76	245	1	1224279773
42	246	1	1274624784
19	246	1	1493416993
56	248	1	1234464534
42	248	1	1289097744
43	248	1	1325738494
45	248	1	1346408207
43	248	1	1387660988
19	248	1	1493418321
4	249	1	1224526666
42	250	1	1235391999
42	250	1	1238013201
19	250	1	1466549117
19	250	1	1493419646
42	251	1	1238529328
42	251	1	1267720995
42	251	1	1273704165
42	251	1	1287914351
19	251	1	1466548912
19	251	1	1493419564
29	252	1	1225175952
77	253	1	1225316375
77	254	1	1225321190
77	255	1	1225325660
77	256	1	1225375985
77	256	1	1226321180
77	257	1	1225390132
77	258	1	1225390352
77	259	1	1225458189
77	259	1	1225569795
77	259	1	1225588316
77	259	1	1225600684
77	259	1	1225656252
77	259	1	1225683510
77	259	1	1225729727
77	259	1	1225775669
77	259	1	1225838382
77	259	1	1225862771
77	259	1	1225881298
77	259	1	1226013508
77	259	1	1226380458
77	259	1	1226500899
77	259	1	1227104430
77	259	1	1227878606
77	259	1	1229413816
77	259	1	1230230250
77	259	1	1230241044
77	259	1	1230769068
77	259	1	1231588442
77	259	1	1232070000
77	259	1	1232474165
77	259	1	1232482102
77	259	1	1233058619
77	259	1	1233099870
77	259	1	1233124704
77	259	1	1233211040
77	259	1	1233557384
77	259	1	1234452024
77	259	1	1234951298
77	259	1	1235328916
77	259	1	1235497280
77	259	1	1236129135
77	259	1	1237340667
77	259	1	1238046163
77	259	1	1238075499
77	259	1	1238719074
77	259	1	1240463973
29	260	1	1225533030
29	261	1	1225587654
29	262	1	1225683833
29	263	1	1225775027
29	264	1	1225864493
77	265	1	1225932964
77	266	1	1225945305
77	267	1	1225961282
77	267	1	1226311277
4	268	1	1232308483
41	268	1	1233843340
42	268	1	1236141142
42	268	1	1245779891
42	268	1	1249499123
42	268	1	1275092897
42	268	1	1287869490
42	268	1	1287897364
49	268	1	1324194489
43	268	1	1387658144
45	268	1	1436129484
19	268	1	1466548264
19	268	1	1493417860
42	269	1	1260731066
10	269	1	1292589730
43	269	1	1387662378
19	269	1	1493418861
10	270	1	1292589706
77	271	1	1226233065
78	272	1	1226495131
29	273	1	1226547974
42	274	1	1260730436
10	274	1	1280794673
43	274	1	1324247699
43	274	1	1324352186
18	274	1	1489657752
19	274	1	1493419253
10	275	1	1280794648
42	275	1	1287077544
43	275	1	1324352529
19	275	1	1493417960
29	276	1	1227255540
29	277	1	1227887498
41	278	1	1229443552
37	278	1	1232022059
42	278	1	1235169746
42	278	1	1242712165
42	278	1	1251285631
42	278	1	1258006960
42	278	1	1283940060
43	278	1	1298093292
44	278	1	1319792982
43	278	1	1328726667
44	278	1	1336394905
45	278	1	1351043045
45	278	1	1373397211
45	278	1	1374377024
43	278	1	1386781423
45	278	1	1435927638
45	278	1	1437075270
36	278	1	1458322120
36	278	1	1464031489
19	278	1	1493417370
56	279	1	1234467596
42	279	1	1252892969
42	279	1	1285483882
43	279	1	1302388040
43	279	1	1323955949
45	279	1	1341238843
45	279	1	1346409246
45	279	1	1367795173
43	279	1	1387662157
45	279	1	1443873640
19	279	1	1493419393
56	280	1	1234466074
56	280	1	1290004574
43	280	1	1295275130
48	280	1	1418913033
45	280	1	1438983086
19	280	1	1493417780
56	281	1	1234464574
42	281	1	1273051863
43	281	1	1295843616
43	281	1	1332364933
45	281	1	1341237913
43	281	1	1387657644
48	281	1	1428514402
45	281	1	1459575056
19	281	1	1493418311
4	282	1	1232307666
4	282	1	1232307839
4	282	1	1232307976
4	282	1	1232308146
4	282	1	1232309477
56	282	1	1234467796
42	282	1	1245670993
42	282	1	1260805921
37	282	1	1358528215
43	282	1	1387662372
45	282	1	1435501089
19	282	1	1487710541
18	282	1	1492053888
19	282	1	1493418871
4	283	1	1232307715
4	283	1	1232307764
4	283	1	1232308161
4	283	1	1232309614
42	283	1	1284760514
79	283	1	1333909934
43	283	1	1387660787
19	283	1	1466548729
19	283	1	1493418471
4	284	1	1232308049
4	284	1	1232309455
4	284	1	1232309560
42	284	1	1234045958
42	284	1	1235218403
56	284	1	1235277395
42	284	1	1249156626
42	284	1	1258428341
42	284	1	1260668166
42	284	1	1271929050
42	284	1	1282944087
43	284	1	1292619695
49	284	1	1324353141
44	284	1	1334240504
44	284	1	1336603633
45	284	1	1348573578
80	284	1	1353731244
45	284	1	1374479203
43	284	1	1386708489
45	284	1	1434354634
48	284	1	1440362601
45	284	1	1446002265
19	284	1	1485708935
18	284	1	1490584728
19	284	1	1493418591
4	285	1	1232308074
56	285	1	1234468457
42	285	1	1236001956
42	285	1	1237413712
42	285	1	1248392032
42	285	1	1252914090
42	285	1	1254268721
42	285	1	1285806243
43	285	1	1307180940
43	285	1	1324377619
45	285	1	1350582223
43	285	1	1387660817
45	285	1	1435816714
18	285	1	1474978473
19	285	1	1485475599
19	285	1	1492036835
19	285	1	1493418381
4	286	1	1232308191
56	286	1	1234465934
42	286	1	1235100450
42	286	1	1239304772
42	286	1	1249715543
42	286	1	1252904924
49	286	1	1324231752
37	286	1	1358522694
43	286	1	1386681000
45	286	1	1436377372
19	286	1	1493417970
4	287	1	1232308215
56	287	1	1234468477
42	287	1	1246312444
42	287	1	1247046669
42	287	1	1251528237
42	287	1	1252341188
42	287	1	1256040613
42	287	1	1259251570
42	287	1	1262973489
42	287	1	1278906081
42	287	1	1283091422
42	287	1	1283735701
43	287	1	1296126610
43	287	1	1304021774
44	287	1	1322083561
49	287	1	1323047024
49	287	1	1331812950
44	287	1	1336475169
45	287	1	1343191145
45	287	1	1350582624
49	287	1	1360492128
45	287	1	1361628785
51	287	1	1368995786
45	287	1	1373556777
45	287	1	1375228177
43	287	1	1386687744
45	287	1	1420884117
45	287	1	1434074374
48	287	1	1440362971
19	287	1	1483736361
19	287	1	1493418371
4	288	1	1232308238
42	288	1	1234014973
42	288	1	1235050380
42	288	1	1235951447
42	288	1	1249714930
42	288	1	1256388203
56	288	1	1291798520
43	288	1	1292295980
43	288	1	1304152232
44	288	1	1322864233
44	288	1	1332874338
45	288	1	1342969235
45	288	1	1350683800
43	288	1	1386625612
48	288	1	1427811191
45	288	1	1438952828
48	288	1	1440363302
19	288	1	1475514362
19	288	1	1484761700
19	288	1	1487609848
19	288	1	1493416821
4	289	1	1232308267
56	289	1	1234465434
42	289	1	1236302298
45	289	1	1445688584
18	289	1	1489472900
19	289	1	1493418221
4	290	1	1232308305
42	290	1	1234113881
42	290	1	1249713350
42	290	1	1271675987
42	290	1	1274880084
42	290	1	1287912862
44	290	1	1336137501
37	290	1	1344519469
45	290	1	1350828897
45	290	1	1353352820
45	290	1	1443907385
19	290	1	1493419554
4	291	1	1232308659
56	291	1	1234466494
42	291	1	1237668702
42	291	1	1252898656
43	291	1	1307991741
43	291	1	1323941468
44	291	1	1332493478
44	291	1	1336992228
45	291	1	1346384226
45	291	1	1346577140
36	291	1	1472051008
18	291	1	1482921582
19	291	1	1493416641
4	292	1	1232308935
56	292	1	1234465874
42	292	1	1241514742
43	292	1	1387657995
19	292	1	1493417980
4	293	1	1232634070
42	293	1	1245637666
42	293	1	1260835070
42	293	1	1273645497
43	293	1	1387662302
19	293	1	1493419223
4	294	1	1232634110
42	294	1	1273517713
42	294	1	1286270728
43	294	1	1387655531
19	294	1	1493417630
4	295	1	1232634282
56	295	1	1234465414
42	295	1	1236333451
42	295	1	1244766031
42	295	1	1251484035
42	295	1	1273548796
42	295	1	1277213420
43	295	1	1292464860
43	295	1	1302113305
43	295	1	1324275133
45	295	1	1376989157
43	295	1	1387657734
45	295	1	1441277307
18	295	1	1476581663
19	295	1	1487108233
19	295	1	1493418241
4	296	1	1232634347
56	296	1	1234465334
42	296	1	1246911010
56	296	1	1249938734
42	296	1	1257168528
42	296	1	1265990530
42	296	1	1273503835
43	296	1	1292468968
43	296	1	1324291641
43	296	1	1327438140
45	296	1	1340646206
45	296	1	1377157518
45	296	1	1441297538
19	296	1	1487121106
19	296	1	1493418251
4	297	1	1232634442
41	297	1	1233100676
42	297	1	1235311858
42	297	1	1242918281
42	297	1	1247646049
42	297	1	1254225062
42	297	1	1262541885
42	297	1	1273527053
42	297	1	1275151382
42	297	1	1277598227
42	297	1	1280211192
42	297	1	1286279828
42	297	1	1287108945
43	297	1	1292690551
43	297	1	1304065915
49	297	1	1323557952
45	297	1	1340389668
45	297	1	1350896684
45	297	1	1376096626
43	297	1	1387655452
45	297	1	1420166137
45	297	1	1446826988
19	297	1	1466547702
19	297	1	1493417710
4	298	1	1233435090
42	298	1	1233444302
4	298	1	1233542441
42	298	1	1245633723
42	298	1	1268738020
42	298	1	1272893568
10	298	1	1283353223
45	298	1	1341238984
45	298	1	1348782367
43	298	1	1387662346
19	298	1	1466549052
18	298	1	1475551947
18	298	1	1492053927
19	298	1	1493419133
4	299	1	1233435133
4	299	1	1233542420
4	299	1	1233542465
42	299	1	1233610404
42	299	1	1267225372
42	299	1	1271721153
42	299	1	1272893580
10	299	1	1283353249
45	299	1	1341235808
45	299	1	1346012194
19	299	1	1493416481
42	300	1	1233444298
42	300	1	1234315052
42	300	1	1234497166
42	300	1	1235210503
42	300	1	1248968742
49	300	1	1322962430
29	301	1	1234153415
55	302	1	1475956871
55	303	1	1475956210
56	304	1	1234466134
42	304	1	1238013327
42	304	1	1248749731
43	304	1	1313097387
44	304	1	1337234538
37	304	1	1338648469
51	304	1	1366881215
45	304	1	1434979483
19	304	1	1466547742
19	304	1	1493417490
10	305	1	1276522461
36	305	1	1418723529
36	305	1	1418735306
36	305	1	1418812021
36	305	1	1418890429
36	305	1	1420389000
36	305	1	1420452667
36	305	1	1421151892
36	305	1	1421655751
36	305	1	1421958304
36	305	1	1422475983
36	305	1	1423657029
36	305	1	1424810079
36	305	1	1426588011
36	305	1	1432578549
36	305	1	1435232438
36	305	1	1445943040
36	305	1	1466602081
55	305	1	1475959140
10	306	1	1315739677
10	306	1	1315739686
55	306	1	1475956851
10	307	1	1315739835
55	307	1	1475956145
56	308	1	1234466154
42	308	1	1238013285
42	308	1	1250673460
43	308	1	1304945679
49	308	1	1330066119
45	308	1	1341235748
48	308	1	1356169842
48	308	1	1421783890
45	308	1	1438142541
19	308	1	1466547757
19	308	1	1493417250
81	309	1	1234463249
56	309	1	1235553425
56	309	1	1242034550
56	309	1	1245306713
29	310	1	1234568826
42	311	1	1236738665
42	311	1	1238013411
19	311	1	1466547207
19	311	1	1493416611
4	312	1	1235171674
81	312	1	1242315012
4	313	1	1235171984
29	314	1	1235278028
29	315	1	1235281862
42	317	1	1235319139
19	317	1	1493416551
42	318	1	1245670980
42	318	1	1260835898
43	318	1	1387662295
19	318	1	1466549002
18	318	1	1492053752
19	318	1	1493419243
42	319	1	1235319330
42	319	1	1287095534
43	319	1	1387658049
19	319	1	1466548244
19	319	1	1493417921
42	320	1	1235319248
56	320	1	1235328350
42	320	1	1239287235
42	320	1	1251090495
42	320	1	1255495246
42	320	1	1256388980
42	320	1	1276205946
42	320	1	1278857755
42	320	1	1280340229
42	320	1	1287435594
43	320	1	1296646922
43	320	1	1304196618
44	320	1	1323194538
45	320	1	1344084570
45	320	1	1361482165
45	320	1	1376096920
43	320	1	1387655632
48	320	1	1406359683
45	320	1	1419810813
36	320	1	1429858704
45	320	1	1445072002
45	320	1	1452368951
36	320	1	1458230644
19	320	1	1493416918
81	321	1	1235551445
56	321	1	1236672511
56	321	1	1244333722
56	321	1	1245310119
4	322	1	1235685080
42	323	1	1235916718
42	323	1	1256465097
42	323	1	1258007708
42	323	1	1261245543
42	323	1	1266608808
42	323	1	1270983023
42	323	1	1277385557
42	323	1	1282174705
43	323	1	1291840923
49	323	1	1329418165
43	323	1	1336003848
49	323	1	1339743963
49	323	1	1352537464
43	323	1	1387653319
19	323	1	1466547321
19	323	1	1491222975
19	323	1	1493416341
42	324	1	1235946919
42	324	1	1253042705
42	324	1	1265906390
42	324	1	1277368946
42	324	1	1279904495
43	324	1	1317498095
49	324	1	1323424357
43	324	1	1335768527
49	324	1	1343816059
43	324	1	1387653305
45	324	1	1434233538
45	324	1	1450310243
45	324	1	1462274975
19	324	1	1493416371
10	325	1	1277720306
55	325	1	1475955728
10	326	1	1277720200
55	326	1	1475956636
42	327	1	1237534390
42	327	1	1245670975
42	327	1	1260831850
42	327	1	1277550728
10	327	1	1321129432
10	327	1	1321129519
10	327	1	1321129612
10	327	1	1321129980
43	327	1	1387662315
19	327	1	1493419173
42	328	1	1244979911
42	328	1	1251542023
42	328	1	1251545470
42	328	1	1284317940
43	328	1	1308539589
43	328	1	1309792127
10	328	1	1321129576
10	328	1	1321129956
43	328	1	1324894251
45	328	1	1350647748
45	328	1	1364681062
43	328	1	1387660815
48	328	1	1431770588
48	328	1	1443959802
19	328	1	1493418391
42	329	1	1236050888
42	329	1	1243178671
42	329	1	1249143834
42	329	1	1253398175
42	329	1	1280162047
43	329	1	1307094331
43	329	1	1311889714
49	329	1	1323481182
43	329	1	1336918147
45	329	1	1347321266
45	329	1	1350532162
43	329	1	1387026167
45	329	1	1429624004
45	329	1	1440481151
45	329	1	1444446975
19	329	1	1479135103
18	329	1	1487348948
19	329	1	1493416601
42	330	1	1236553588
42	330	1	1243294517
42	330	1	1247403257
42	330	1	1250632734
42	330	1	1250707229
42	330	1	1260117283
42	330	1	1267677818
42	330	1	1267755316
42	330	1	1272009236
42	330	1	1280154769
42	330	1	1281453931
43	330	1	1304217310
43	330	1	1307876958
43	330	1	1324237472
49	330	1	1332414738
45	330	1	1347350292
45	330	1	1348498432
45	330	1	1376275146
43	330	1	1386680658
45	330	1	1434958183
45	330	1	1441059394
45	330	1	1445345000
19	330	1	1469206537
18	330	1	1484032053
19	330	1	1493418010
42	331	1	1236309106
42	331	1	1251368239
42	331	1	1251373350
42	331	1	1251501130
42	331	1	1251508890
42	331	1	1256494105
42	331	1	1257208231
49	331	1	1324072120
45	331	1	1348326178
44	331	1	1351888274
45	331	1	1376186256
43	331	1	1387658068
45	331	1	1434957525
45	331	1	1435150523
48	331	1	1443950068
19	331	1	1493417910
42	332	1	1236553679
42	332	1	1247665471
42	332	1	1250632706
42	332	1	1258468266
42	332	1	1267684794
42	332	1	1277208661
42	332	1	1280163959
49	332	1	1324333757
45	332	1	1347315997
45	332	1	1350511655
45	332	1	1376899097
43	332	1	1386684322
43	332	1	1386795166
43	332	1	1387382685
45	332	1	1434959410
45	332	1	1441212616
19	332	1	1485319441
19	332	1	1493418170
42	333	1	1236446120
42	333	1	1247406248
42	333	1	1281097424
42	333	1	1286125607
43	333	1	1314887513
49	333	1	1330001249
43	333	1	1386693046
45	333	1	1435508003
45	333	1	1468120039
45	333	1	1487460995
19	333	1	1493416581
42	334	1	1236559002
37	334	1	1236802851
42	334	1	1237697713
42	334	1	1238983463
42	334	1	1239883673
42	334	1	1240748132
42	334	1	1251583077
42	334	1	1251621960
42	334	1	1256111809
42	334	1	1267945331
42	334	1	1270860620
42	334	1	1270937677
42	334	1	1278039661
42	334	1	1282348736
37	334	1	1302519848
43	334	1	1307174752
44	334	1	1320728765
43	334	1	1324424037
45	334	1	1344382505
45	334	1	1373614065
45	334	1	1376102478
48	334	1	1420824037
36	334	1	1459594889
36	334	1	1465033453
19	334	1	1493418541
42	335	1	1236658743
42	335	1	1252722586
48	335	1	1443964427
19	335	1	1466548165
19	335	1	1493418140
42	336	1	1236767196
42	336	1	1248117633
42	336	1	1248981118
42	336	1	1251501128
42	336	1	1271679977
42	336	1	1288087958
49	336	1	1324370103
45	336	1	1347407410
45	336	1	1350828316
43	336	1	1386770996
19	336	1	1493419589
77	337	1	1237302519
29	338	1	1237618590
29	339	1	1239508227
29	340	1	1239581194
29	341	1	1239585626
29	342	1	1240010530
29	343	1	1240018593
29	344	1	1240083008
29	345	1	1240090593
42	346	1	1242055231
42	346	1	1256463973
42	346	1	1263662481
42	346	1	1271532291
42	346	1	1278754105
42	346	1	1280699605
10	346	1	1283352753
42	346	1	1285191961
43	346	1	1296230969
43	346	1	1304149522
43	346	1	1319731614
49	346	1	1329453904
49	346	1	1330683248
44	346	1	1335401892
45	346	1	1340209883
45	346	1	1374342228
45	346	1	1376141772
45	346	1	1421199559
36	346	1	1459599947
36	346	1	1465037438
19	346	1	1493418561
42	347	1	1242055088
42	347	1	1271508677
42	347	1	1273593895
10	347	1	1283352778
43	347	1	1292361245
43	347	1	1296246061
43	347	1	1304083031
49	347	1	1324149561
49	347	1	1329440504
49	347	1	1335043669
45	347	1	1341012882
43	347	1	1387655285
45	347	1	1429045116
36	347	1	1458459098
45	347	1	1465650839
18	347	1	1469931454
19	347	1	1493417760
22	348	1	1242925068
42	349	1	1284698216
18	349	1	1490409011
19	349	1	1493417510
82	350	1	1246037627
83	350	1	1274368024
26	350	1	1445200749
82	351	1	1246037634
84	351	1	1284203008
82	352	1	1246037638
84	352	1	1284203023
42	353	1	1246326160
42	353	1	1254260461
42	353	1	1267483946
42	353	1	1275078188
37	353	1	1322948540
49	353	1	1330103457
45	353	1	1344847843
45	353	1	1350951667
45	353	1	1435802152
45	353	1	1446893830
19	353	1	1466792001
18	353	1	1469931677
19	353	1	1493418040
42	354	1	1246326227
42	354	1	1253985398
42	354	1	1255644627
42	354	1	1266411243
37	354	1	1322948775
43	354	1	1325546811
49	354	1	1328149240
49	354	1	1335263245
45	354	1	1348497206
45	354	1	1367954238
45	354	1	1368672397
45	354	1	1370212659
45	354	1	1373462845
48	354	1	1426799042
45	354	1	1434899139
48	354	1	1440216032
45	354	1	1445342550
36	354	1	1458568564
19	354	1	1486936264
19	354	1	1493417990
85	355	1	1246815713
3	355	1	1429227556
42	356	1	1277761940
45	356	1	1439509789
19	356	1	1493417450
42	357	1	1246994417
19	357	1	1493418811
42	358	1	1246993844
43	358	1	1292383405
49	358	1	1324234609
45	358	1	1367915609
45	358	1	1440996643
19	358	1	1493417850
42	359	1	1246992841
42	359	1	1264649374
43	359	1	1292275131
49	359	1	1323517291
45	359	1	1367706231
43	359	1	1387655606
45	359	1	1435942986
19	359	1	1493417008
42	360	1	1246998119
43	360	1	1293121958
43	360	1	1308586071
43	360	1	1317845383
45	360	1	1373561854
45	360	1	1435129258
19	360	1	1493416651
42	361	1	1246995184
42	361	1	1261356724
43	361	1	1308849004
19	361	1	1493417430
45	363	1	1374637632
19	363	1	1493418601
42	364	1	1246995925
45	364	1	1374077821
43	364	1	1387658153
19	364	1	1493417840
42	365	1	1263995075
10	365	1	1277199018
45	365	1	1438827720
19	365	1	1493417023
42	366	1	1246994125
42	366	1	1283468471
42	366	1	1286262462
45	366	1	1347897277
45	366	1	1435685986
19	366	1	1493416701
55	367	1	1475956923
42	368	1	1246992057
42	368	1	1250431748
42	368	1	1261326187
42	368	1	1282611627
42	368	1	1289013214
49	368	1	1323697357
43	368	1	1329208648
49	368	1	1336269564
45	368	1	1340678855
45	368	1	1346406896
45	368	1	1367652746
45	368	1	1373690477
43	368	1	1386631780
43	368	1	1387660565
48	368	1	1388841108
45	368	1	1435085675
45	368	1	1449710529
19	368	1	1493418681
55	369	1	1475956238
42	370	1	1248101104
42	370	1	1284028242
37	370	1	1339161006
45	370	1	1342884613
45	370	1	1346404365
45	370	1	1347842857
45	370	1	1350528358
43	370	1	1387657826
45	370	1	1420456071
48	370	1	1431675230
45	370	1	1484615311
19	370	1	1493418100
86	371	1	1248107337
42	372	1	1248985014
42	372	1	1252717080
42	372	1	1252998338
42	372	1	1256096213
42	372	1	1277941695
42	372	1	1280967887
43	372	1	1292325788
43	372	1	1292707686
43	372	1	1297127566
43	372	1	1304355600
49	372	1	1330098243
45	372	1	1348133006
45	372	1	1358668604
45	372	1	1369396889
48	372	1	1402983265
45	372	1	1429038417
45	372	1	1429231374
45	372	1	1445131951
19	372	1	1466547767
18	372	1	1473190119
19	372	1	1493417129
42	373	1	1249072569
42	373	1	1268178110
42	373	1	1269263131
42	373	1	1270662744
42	373	1	1279901010
42	373	1	1281867387
42	373	1	1282927050
43	373	1	1300911847
43	373	1	1304174521
49	373	1	1323134707
43	373	1	1336585226
45	373	1	1341885624
45	373	1	1350863567
45	373	1	1376369442
43	373	1	1386798607
45	373	1	1429612653
45	373	1	1446219787
45	373	1	1452124189
45	373	1	1463854996
19	373	1	1466547252
19	373	1	1467463744
18	373	1	1483423098
45	373	1	1487392988
45	373	1	1490860408
19	373	1	1493416491
42	374	1	1249072386
42	374	1	1260703444
42	374	1	1277537470
19	374	1	1466549072
18	374	1	1477442389
18	374	1	1492054074
19	374	1	1493418821
42	376	1	1250007149
41	376	1	1262432398
42	376	1	1266319372
42	376	1	1276205094
42	376	1	1283368961
42	376	1	1285766793
43	376	1	1291928631
56	376	1	1292313304
43	376	1	1308610061
49	376	1	1323346544
45	376	1	1346385282
45	376	1	1350678712
45	376	1	1351492337
45	376	1	1376503072
45	376	1	1429542355
36	376	1	1457474667
18	376	1	1485340798
19	376	1	1493416471
42	377	1	1250007279
42	377	1	1251633087
42	377	1	1253217756
42	377	1	1255803823
42	377	1	1262979090
42	377	1	1264540363
42	377	1	1265898250
42	377	1	1266297206
42	377	1	1276346108
42	377	1	1279416096
43	377	1	1291849561
43	377	1	1304217193
43	377	1	1305195982
49	377	1	1323195912
49	377	1	1326367635
49	377	1	1331550450
49	377	1	1343808938
45	377	1	1433235787
45	377	1	1440116056
45	377	1	1452030245
19	377	1	1466547301
36	377	1	1468740287
18	377	1	1469931256
19	377	1	1493416361
42	378	1	1250717479
42	378	1	1253338985
42	378	1	1271029659
42	378	1	1288967753
43	378	1	1292178404
56	378	1	1292313104
43	378	1	1307889422
43	378	1	1314203136
49	378	1	1323628333
45	378	1	1346403343
45	378	1	1346792348
45	378	1	1350707387
45	378	1	1377133959
45	378	1	1433337108
36	378	1	1457613291
36	378	1	1463268876
19	378	1	1493416751
42	379	1	1250717450
45	379	1	1346002399
45	379	1	1347721103
45	379	1	1351248340
43	379	1	1387653237
48	379	1	1418950204
48	379	1	1430645665
36	379	1	1457588145
19	379	1	1493416721
29	380	1	1251841069
29	381	1	1252738034
29	382	1	1252746690
29	383	1	1252818229
42	384	1	1253980195
42	384	1	1258425755
42	384	1	1271508668
42	384	1	1273525675
42	384	1	1279144863
10	384	1	1283352809
43	384	1	1302909001
43	384	1	1311262620
49	384	1	1324147955
49	384	1	1329440857
44	384	1	1332257898
44	384	1	1335623573
45	384	1	1340205270
45	384	1	1341011681
43	384	1	1386768974
48	384	1	1393352003
45	384	1	1429045611
45	384	1	1449149902
36	384	1	1458456052
19	384	1	1485101379
19	384	1	1493417750
42	385	1	1253980325
42	385	1	1258715393
42	385	1	1260856935
42	385	1	1268846575
42	385	1	1270361119
42	385	1	1274198375
42	385	1	1276536579
42	385	1	1280154280
56	385	1	1291798483
43	385	1	1293524237
43	385	1	1304241087
49	385	1	1323077685
44	385	1	1334244882
45	385	1	1350696139
45	385	1	1353064235
45	385	1	1371972797
43	385	1	1386886793
45	385	1	1429593844
45	385	1	1440448299
48	385	1	1443952787
36	385	1	1457514168
19	385	1	1493416561
42	386	1	1253980487
42	386	1	1261687855
41	386	1	1262169213
42	386	1	1263013492
42	386	1	1263267026
42	386	1	1264525712
42	386	1	1265895318
42	386	1	1269710713
42	386	1	1278579653
42	386	1	1280955372
42	386	1	1282109848
42	386	1	1286115032
43	386	1	1291847895
43	386	1	1304216379
49	386	1	1323196211
49	386	1	1324255738
49	386	1	1331548517
49	386	1	1343806921
43	386	1	1386466733
45	386	1	1433235867
45	386	1	1440114870
45	386	1	1462270411
19	386	1	1466547311
36	386	1	1468737753
19	386	1	1493416351
42	387	1	1254560851
42	387	1	1260335774
42	387	1	1263318510
42	387	1	1265457196
42	387	1	1275083319
43	387	1	1291681591
49	387	1	1330096022
49	387	1	1335233498
45	387	1	1347867141
45	387	1	1351151422
45	387	1	1367943086
45	387	1	1373457290
43	387	1	1387395587
45	387	1	1434899213
48	387	1	1440233519
36	387	1	1458553546
19	387	1	1493417950
42	388	1	1254559472
42	388	1	1265642125
42	388	1	1268695057
42	388	1	1275445919
43	388	1	1304193919
37	388	1	1319442791
37	388	1	1322936669
49	388	1	1330096367
45	388	1	1350947500
45	388	1	1373457615
43	388	1	1387658016
45	388	1	1435557097
19	388	1	1469185746
18	388	1	1490581251
19	388	1	1493417940
42	389	1	1256681455
42	389	1	1260710255
43	389	1	1300711123
45	389	1	1341238944
43	389	1	1387662329
19	389	1	1493419153
42	390	1	1256681462
42	390	1	1281545531
42	390	1	1281552218
42	390	1	1285688927
45	390	1	1369393439
19	390	1	1493416411
55	391	1	1475956908
36	394	1	1425551592
36	394	1	1499070650
87	395	1	1256707248
88	396	1	1256843473
42	397	1	1258821639
42	397	1	1263259237
42	397	1	1268051591
42	397	1	1281520584
37	397	1	1281603003
42	397	1	1283248297
42	397	1	1287208309
43	397	1	1307177832
44	397	1	1322093447
43	397	1	1328628439
49	397	1	1330499245
44	397	1	1333392330
45	397	1	1360862572
43	397	1	1387660864
48	397	1	1391975883
45	397	1	1420863651
45	397	1	1441382714
36	397	1	1458913825
19	397	1	1466548759
19	397	1	1479640254
19	397	1	1493418361
42	398	1	1259005877
45	398	1	1368204751
43	398	1	1387653294
45	398	1	1428617921
45	398	1	1435459139
19	398	1	1493416401
89	399	1	1424784690
89	399	1	1424784722
90	400	1	1259167751
91	401	1	1259901380
10	402	1	1262913422
10	402	1	1271670782
10	402	1	1272109491
10	402	1	1272109540
10	402	1	1275070350
10	402	1	1275738452
43	402	1	1296884317
43	402	1	1387662274
48	402	1	1395330700
19	402	1	1466548962
19	402	1	1493419323
10	403	1	1262913462
10	403	1	1271670769
10	403	1	1272026720
10	403	1	1272109459
10	403	1	1272109523
10	403	1	1275070307
43	403	1	1296858916
43	403	1	1296884054
19	403	1	1493418211
10	404	1	1262913580
42	404	1	1262945987
42	404	1	1263495730
42	404	1	1263827134
42	404	1	1264237314
42	404	1	1266528220
42	404	1	1269438492
42	404	1	1271458025
42	404	1	1275345044
42	404	1	1275626285
42	404	1	1278173046
42	404	1	1285010800
42	404	1	1288323378
43	404	1	1291658269
49	404	1	1323465089
44	404	1	1336264484
49	404	1	1343946894
45	404	1	1345657365
45	404	1	1347355451
45	404	1	1360637857
45	404	1	1361841966
45	404	1	1373338025
45	404	1	1374501169
43	404	1	1386600479
43	404	1	1388287681
45	404	1	1419239179
45	404	1	1429637074
45	404	1	1437919369
45	404	1	1440491958
45	404	1	1448769465
36	404	1	1463518909
19	404	1	1479144235
19	404	1	1493416631
10	405	1	1263293793
42	405	1	1263326182
42	405	1	1265772541
42	405	1	1266370456
42	405	1	1274949700
42	405	1	1281397668
42	405	1	1283789371
42	405	1	1285098538
42	405	1	1288323856
49	405	1	1323561032
44	405	1	1332259427
45	405	1	1341657381
45	405	1	1345822349
45	405	1	1346405226
45	405	1	1350449853
45	405	1	1352629877
43	405	1	1387655383
43	405	1	1390517682
45	405	1	1434956575
45	405	1	1438769103
45	405	1	1440914310
45	405	1	1445224397
36	405	1	1458450326
19	405	1	1469004618
19	405	1	1493417730
10	406	1	1263294193
42	406	1	1263325857
10	406	1	1272027182
42	406	1	1283829977
45	406	1	1341238863
43	406	1	1387662279
19	406	1	1466548972
18	406	1	1489657840
18	406	1	1492053592
19	406	1	1493419313
10	407	1	1263294243
42	407	1	1287258595
19	407	1	1493417530
10	408	1	1263294752
42	408	1	1263327292
42	408	1	1263371447
42	408	1	1265896888
42	408	1	1266199710
42	408	1	1270355700
42	408	1	1276564839
42	408	1	1276994766
42	408	1	1278147552
42	408	1	1279801529
42	408	1	1281281059
42	408	1	1282101347
49	408	1	1323174326
49	408	1	1326270873
49	408	1	1331464675
49	408	1	1343783508
48	408	1	1378675754
45	408	1	1433228413
45	408	1	1438016701
45	408	1	1439316089
45	408	1	1440077747
45	408	1	1462239891
36	408	1	1468696424
19	408	1	1493416311
10	409	1	1263382502
42	409	1	1263407264
42	409	1	1266411107
42	409	1	1268168387
42	409	1	1270336273
42	409	1	1275746051
42	409	1	1276550894
42	409	1	1276987019
49	409	1	1323268120
43	409	1	1325510122
49	409	1	1328138293
49	409	1	1330358630
45	409	1	1348444679
45	409	1	1367704396
36	409	1	1427493510
45	409	1	1438715748
36	409	1	1442841845
45	409	1	1446791664
36	409	1	1458336691
19	409	1	1493417550
10	410	1	1264189199
42	410	1	1264200164
42	410	1	1265456896
42	410	1	1268168882
42	410	1	1273285529
42	410	1	1276986503
42	410	1	1280383221
43	410	1	1291661635
49	410	1	1323247023
49	410	1	1328127654
49	410	1	1330042407
49	410	1	1339968455
45	410	1	1350671191
45	410	1	1367631797
45	410	1	1434888814
45	410	1	1438549134
45	410	1	1440673103
36	410	1	1458189950
19	410	1	1493416811
29	411	1	1264238465
29	412	1	1264292991
54	413	1	1264352883
29	414	1	1264390439
29	415	1	1264468541
29	416	1	1264474273
29	417	1	1264553112
29	418	1	1264722333
29	419	1	1264733247
10	420	1	1264769779
42	420	1	1264776354
42	420	1	1287693834
42	420	1	1288933450
43	420	1	1302214221
49	420	1	1323886312
45	420	1	1356973229
45	420	1	1359207456
45	420	1	1435136758
45	420	1	1464571058
19	420	1	1493416888
10	421	1	1264770083
10	421	1	1265455079
10	422	1	1264770120
10	422	1	1265455114
10	423	1	1264770597
42	423	1	1264776052
42	423	1	1284726729
43	423	1	1300545537
45	423	1	1346407996
43	423	1	1387660796
19	423	1	1493418461
10	424	1	1264770628
42	424	1	1264776057
43	424	1	1300545542
43	424	1	1387662387
48	424	1	1404396946
19	424	1	1466549062
18	424	1	1482913640
18	424	1	1492054099
19	424	1	1493418851
29	425	1	1264920009
29	426	1	1264922523
29	427	1	1264924161
10	428	1	1265455447
10	428	1	1265455461
10	428	1	1265458206
10	428	1	1265987496
55	428	1	1475956931
10	429	1	1265458304
42	429	1	1265463501
43	429	1	1307991699
49	429	1	1330994905
44	429	1	1337056147
45	429	1	1340639687
45	429	1	1346407216
45	429	1	1434371539
19	429	1	1487451343
19	429	1	1493418631
10	430	1	1265458598
10	430	1	1265987457
10	430	1	1265987520
10	430	1	1266000329
55	430	1	1475956261
10	431	1	1266000387
10	431	1	1276522510
37	431	1	1277745454
71	431	1	1286159830
37	431	1	1307646458
37	431	1	1319478618
37	431	1	1327079384
37	431	1	1327331654
48	431	1	1353236050
37	431	1	1364238670
36	431	1	1417509783
36	431	1	1418800857
36	431	1	1418895023
36	431	1	1419352353
36	431	1	1420391868
36	431	1	1421067358
36	431	1	1422048158
36	431	1	1422391417
36	431	1	1424810074
36	431	1	1432578547
36	431	1	1439886094
36	431	1	1446536631
36	431	1	1466757163
36	431	1	1470051154
36	431	1	1475411022
55	431	1	1475958892
10	432	1	1266000733
42	432	1	1266054769
49	432	1	1323685476
49	432	1	1330994944
45	432	1	1340639697
45	432	1	1356483548
45	432	1	1361785760
45	432	1	1365878100
43	432	1	1387660694
45	432	1	1434370567
19	432	1	1471207683
19	432	1	1487451357
19	432	1	1493418621
10	433	1	1266001487
42	433	1	1266056315
42	433	1	1273488716
10	433	1	1275738508
10	433	1	1276346504
10	433	1	1276509642
10	433	1	1276510084
10	433	1	1276510197
10	433	1	1276522718
42	433	1	1277468109
10	433	1	1277720677
10	433	1	1280794451
10	433	1	1315740261
43	433	1	1387660458
18	433	1	1492054063
19	433	1	1493418791
10	434	1	1266001524
42	434	1	1266057251
10	434	1	1275738494
10	434	1	1276346489
10	434	1	1276509656
10	434	1	1276510268
10	434	1	1276522698
42	434	1	1277561892
10	434	1	1277720655
10	434	1	1280794428
10	434	1	1315740056
45	434	1	1370201841
45	434	1	1438152718
19	434	1	1493417290
29	435	1	1266707356
29	435	1	1379474378
29	436	1	1266718366
10	437	1	1267179888
55	437	1	1475956552
10	438	1	1267179968
42	438	1	1267220827
42	438	1	1286037921
42	438	1	1288008048
45	438	1	1367945769
45	438	1	1445322474
19	438	1	1493417900
10	439	1	1267180071
55	439	1	1475955600
92	440	1	1268601346
10	441	1	1268759515
42	441	1	1268768239
42	441	1	1273818139
43	441	1	1292380906
43	441	1	1296224438
49	441	1	1323576544
43	441	1	1323714074
49	441	1	1324223974
45	441	1	1340956793
45	441	1	1353896509
45	441	1	1358951916
45	441	1	1370784028
43	441	1	1387658179
45	441	1	1420262368
48	441	1	1428308076
19	441	1	1469103590
18	441	1	1469931708
19	441	1	1493417830
10	442	1	1268759549
42	442	1	1268767999
43	442	1	1387662300
19	442	1	1466549012
19	442	1	1493419233
93	443	1	1268915727
94	444	1	1269952232
95	445	1	1270215038
95	445	1	1379169319
95	446	1	1270403501
95	446	1	1379169322
95	447	1	1270562601
95	447	1	1379169326
96	448	1	1270675235
29	449	1	1271127848
10	450	1	1271171454
42	450	1	1271188572
42	450	1	1281450730
42	450	1	1287110374
42	450	1	1287258746
43	450	1	1312582306
49	450	1	1330105610
49	450	1	1332441833
49	450	1	1336317257
45	450	1	1348422165
45	450	1	1350494171
45	450	1	1358517353
45	450	1	1370317262
43	450	1	1387146072
45	450	1	1434959701
48	450	1	1440211261
45	450	1	1451069900
36	450	1	1458638797
19	450	1	1483477239
19	450	1	1493418150
10	451	1	1271442340
42	451	1	1271449306
42	451	1	1276035324
42	451	1	1278822526
42	451	1	1280688906
42	451	1	1283019466
43	451	1	1292463208
43	451	1	1304148199
49	451	1	1323286125
49	451	1	1330111425
44	451	1	1330800114
44	451	1	1338333510
45	451	1	1348221179
49	451	1	1360296411
45	451	1	1364534579
45	451	1	1369934311
45	451	1	1376954825
43	451	1	1386957680
45	451	1	1420596227
45	451	1	1434039312
48	451	1	1440209260
45	451	1	1451433679
45	451	1	1459140246
36	451	1	1464711638
19	451	1	1493418231
10	452	1	1272026843
42	452	1	1272060113
43	452	1	1293728406
43	452	1	1307206326
43	452	1	1324576196
49	452	1	1336300632
45	452	1	1346406686
45	452	1	1350654248
45	452	1	1367516463
45	452	1	1373332312
43	452	1	1386681786
45	452	1	1429507125
19	452	1	1493418691
10	453	1	1272026914
10	453	1	1276522584
37	453	1	1276594312
37	453	1	1277900799
37	453	1	1282900438
56	453	1	1286157217
71	453	1	1286204167
37	453	1	1307645154
37	453	1	1307929604
43	453	1	1315182203
37	453	1	1327078324
37	453	1	1327581169
36	453	1	1349097959
48	453	1	1353236280
36	453	1	1411386782
36	453	1	1418891705
36	453	1	1420390683
36	453	1	1420445137
36	453	1	1421009107
36	453	1	1422017654
36	453	1	1422389388
36	453	1	1424810211
36	453	1	1426588127
36	453	1	1432578543
36	453	1	1440509259
36	453	1	1466757442
36	453	1	1470045966
55	453	1	1475958646
10	454	1	1272109338
55	454	1	1475956603
10	455	1	1274106606
42	455	1	1274117482
10	455	1	1275069944
70	455	1	1333791646
43	455	1	1334752858
43	455	1	1387660496
48	455	1	1395330650
19	455	1	1493418751
10	456	1	1274106702
55	456	1	1475955667
10	457	1	1274106790
10	457	1	1276522544
37	457	1	1276594251
69	457	1	1284759713
56	457	1	1284800818
37	457	1	1307685598
37	457	1	1307738051
43	457	1	1315175079
37	457	1	1327131293
70	457	1	1340725063
48	457	1	1353225248
36	457	1	1411645484
36	457	1	1417430170
36	457	1	1418887190
36	457	1	1420384663
36	457	1	1421958620
36	457	1	1422272025
36	457	1	1424810207
36	457	1	1432578314
36	457	1	1443599010
36	457	1	1466756536
36	457	1	1473401405
55	457	1	1475958863
83	458	1	1274368195
83	458	1	1316861058
83	459	1	1274368290
21	459	1	1290569103
22	459	1	1290598136
10	460	1	1275738607
42	460	1	1275833573
70	460	1	1322605377
44	460	1	1337004795
43	460	1	1387660509
45	460	1	1435065601
48	460	1	1442000630
19	460	1	1466548599
18	460	1	1475551313
19	460	1	1493418741
97	461	1	1276237128
10	462	1	1276509725
42	462	1	1276566502
42	462	1	1282932756
43	462	1	1292367672
43	462	1	1295357969
49	462	1	1322972809
43	462	1	1326736247
45	462	1	1348651204
49	462	1	1360659796
45	462	1	1368356331
43	462	1	1386705747
45	462	1	1435497716
45	462	1	1445940402
36	462	1	1464970202
19	462	1	1466548719
19	462	1	1493418481
10	463	1	1276509771
10	463	1	1276522368
37	463	1	1276594231
43	463	1	1283445187
69	463	1	1284149936
71	463	1	1284581297
43	463	1	1289080267
37	463	1	1307657946
37	463	1	1307692215
37	463	1	1307865284
37	463	1	1319491469
48	463	1	1353225047
37	463	1	1359133641
36	463	1	1411128448
36	463	1	1413972281
36	463	1	1420534618
36	463	1	1421957671
36	463	1	1432578339
36	463	1	1446214403
36	463	1	1446549787
36	463	1	1466756816
55	463	1	1475958603
10	464	1	1276510773
42	464	1	1276544119
10	464	1	1277198521
45	464	1	1375681286
18	464	1	1487856751
19	464	1	1493417330
10	465	1	1276510868
42	465	1	1276548298
10	465	1	1277198535
10	465	1	1310862836
10	465	1	1315679773
43	465	1	1387660459
18	465	1	1489657111
18	465	1	1492054060
19	465	1	1493418781
10	466	1	1276510957
42	466	1	1276564902
42	466	1	1280666083
42	466	1	1287111163
49	466	1	1323336475
49	466	1	1328618327
45	466	1	1345958172
45	466	1	1350675272
45	466	1	1353611578
45	466	1	1369632399
43	466	1	1386527447
45	466	1	1429537668
36	466	1	1457471641
45	466	1	1478898418
18	466	1	1481093056
18	466	1	1487348981
19	466	1	1493416461
10	467	1	1276511029
42	467	1	1276540651
42	467	1	1276671958
10	467	1	1277199309
42	467	1	1277252047
42	467	1	1277462309
42	467	1	1277932041
42	467	1	1281422692
42	467	1	1281678758
42	467	1	1283054759
43	467	1	1292284555
49	467	1	1322965885
44	467	1	1331417585
44	467	1	1332541812
45	467	1	1341729568
45	467	1	1346037654
45	467	1	1346967565
45	467	1	1348670273
49	467	1	1353998210
43	467	1	1386514766
45	467	1	1434951084
45	467	1	1438485082
45	467	1	1439740613
45	467	1	1440657462
45	467	1	1444930072
19	467	1	1484729529
19	467	1	1493416791
10	468	1	1276511135
42	468	1	1276578536
43	468	1	1318868426
19	468	1	1493416801
10	469	1	1276521915
55	469	1	1475956878
10	470	1	1276522020
55	470	1	1475956216
10	471	1	1276522161
42	471	1	1276559973
42	471	1	1281097289
42	471	1	1288949222
43	471	1	1317256601
49	471	1	1324349356
49	471	1	1329815573
45	471	1	1342227140
48	471	1	1363977651
45	471	1	1371479568
43	471	1	1386706194
45	471	1	1435497369
45	471	1	1451530474
36	471	1	1459520643
19	471	1	1487650116
19	471	1	1492141824
19	471	1	1493418441
10	472	1	1276522240
37	472	1	1276594204
69	472	1	1285864660
56	472	1	1286150341
37	472	1	1307729373
37	472	1	1319558455
48	472	1	1353231909
36	472	1	1411384416
36	472	1	1418392670
36	472	1	1418890100
36	472	1	1420388428
36	472	1	1421844119
36	472	1	1422269554
36	472	1	1424809794
36	472	1	1432578074
36	472	1	1445253474
36	472	1	1466755383
55	472	1	1475959031
10	473	1	1276523277
42	473	1	1276558115
42	473	1	1277031171
42	473	1	1286265200
49	473	1	1323685196
49	473	1	1331003555
45	473	1	1343113418
45	473	1	1364330995
45	473	1	1373646528
43	473	1	1387660639
48	473	1	1428847825
45	473	1	1459715891
18	473	1	1475679511
19	473	1	1488612050
19	473	1	1493418641
10	474	1	1276523454
42	474	1	1276560175
45	474	1	1341237743
37	474	1	1351780079
43	474	1	1387660519
19	474	1	1466548609
19	474	1	1493418731
10	475	1	1276523559
42	475	1	1276552008
42	475	1	1277208685
49	475	1	1323565492
49	475	1	1335066169
43	475	1	1337266118
45	475	1	1346405056
45	475	1	1371319806
43	475	1	1387655254
48	475	1	1418711442
48	475	1	1419597588
45	475	1	1450969258
36	475	1	1458471481
19	475	1	1493417770
10	476	1	1276523667
42	476	1	1276567667
42	476	1	1287645419
42	476	1	1288090069
43	476	1	1295757576
49	476	1	1322975608
43	476	1	1328556285
45	476	1	1345586107
45	476	1	1368420084
43	476	1	1387660737
45	476	1	1434966232
19	476	1	1493418571
10	477	1	1276523705
42	477	1	1276586342
42	477	1	1277801933
42	477	1	1280677314
42	477	1	1281954515
42	477	1	1287893182
43	477	1	1322512591
49	477	1	1322977674
44	477	1	1334476338
45	477	1	1346409166
45	477	1	1351184238
43	477	1	1386771048
45	477	1	1434986781
36	477	1	1465401282
19	477	1	1493419544
10	478	1	1276523816
42	478	1	1276562824
42	478	1	1277929938
42	478	1	1286186713
43	478	1	1292405631
49	478	1	1324348657
49	478	1	1329824498
45	478	1	1344968704
45	478	1	1346407866
45	478	1	1363490713
45	478	1	1364298313
43	478	1	1386705150
48	478	1	1392446942
48	478	1	1408540212
45	478	1	1441494128
19	478	1	1487394187
19	478	1	1493418491
10	479	1	1276523898
42	479	1	1276558679
42	479	1	1277246880
42	479	1	1277940683
42	479	1	1280379632
42	479	1	1283607272
43	479	1	1296355796
56	479	1	1296465677
44	479	1	1320156118
44	479	1	1322745192
49	479	1	1329399612
49	479	1	1330514367
44	479	1	1333006622
45	479	1	1345955520
45	479	1	1350844356
45	479	1	1356606626
45	479	1	1375759655
45	479	1	1377138897
43	479	1	1386507284
45	479	1	1429553440
45	479	1	1438130926
45	479	1	1439733192
45	479	1	1440210988
19	479	1	1484446075
45	479	1	1486960052
18	479	1	1489200813
19	479	1	1493416421
10	480	1	1276523949
42	480	1	1276553190
42	480	1	1277246081
42	480	1	1277698884
42	480	1	1278753719
42	480	1	1280667134
42	480	1	1281679409
42	480	1	1285070139
43	480	1	1291686720
43	480	1	1296197060
43	480	1	1304139627
10	480	1	1315740143
44	480	1	1320542663
49	480	1	1322973736
43	480	1	1324693414
49	480	1	1330622195
44	480	1	1332689452
45	480	1	1342563977
45	480	1	1359258525
45	480	1	1361833347
45	480	1	1363412104
48	480	1	1363815277
45	480	1	1421155106
36	480	1	1429858554
45	480	1	1434106247
19	480	1	1479802178
19	480	1	1493418531
10	481	1	1276524061
42	481	1	1276558928
42	481	1	1277942499
42	481	1	1278501976
43	481	1	1292408949
43	481	1	1296276366
49	481	1	1324348504
49	481	1	1330224539
45	481	1	1346407656
45	481	1	1361751717
43	481	1	1386704991
45	481	1	1434964977
18	481	1	1474115578
19	481	1	1487396870
19	481	1	1493418501
10	482	1	1276524168
42	482	1	1276560308
42	482	1	1284028102
43	482	1	1320755858
49	482	1	1323694999
43	482	1	1325505784
49	482	1	1329494285
44	482	1	1334326817
49	482	1	1336259099
45	482	1	1340253192
45	482	1	1346012039
45	482	1	1350654608
45	482	1	1356063413
43	482	1	1386632404
48	482	1	1392210048
45	482	1	1429317412
45	482	1	1467648170
18	482	1	1491612901
19	482	1	1493418671
21	483	1	1290569074
22	483	1	1290598138
29	484	1	1276993135
29	485	1	1277047997
29	486	1	1277066990
29	487	1	1277159732
29	488	1	1277168727
29	489	1	1277179649
29	490	1	1277181115
10	491	1	1277198581
42	491	1	1277210673
42	491	1	1289125942
43	491	1	1299053372
49	491	1	1323837682
45	491	1	1370119889
48	491	1	1402514241
19	491	1	1493416781
10	492	1	1277198894
42	492	1	1277210116
45	492	1	1373713004
19	492	1	1466548619
19	492	1	1493418701
10	493	1	1277198920
42	493	1	1277210633
43	493	1	1315681086
43	493	1	1330423814
45	493	1	1356003646
45	493	1	1361378525
45	493	1	1371769078
48	493	1	1402514331
19	493	1	1493416431
10	494	1	1277199070
10	495	1	1277199749
10	495	1	1277199898
10	496	1	1277200006
42	496	1	1277210111
43	496	1	1307130219
45	496	1	1353130147
45	496	1	1361659046
19	496	1	1493418120
29	497	1	1277248119
42	498	1	1277586333
10	498	1	1277721055
45	498	1	1341238794
19	498	1	1466548902
19	498	1	1490148359
19	498	1	1493419609
29	499	1	1277579726
29	499	1	1289088213
98	499	1	1308760493
98	499	1	1309106475
98	499	1	1322675936
98	499	1	1356643672
98	499	1	1356694493
10	500	1	1277720372
37	500	1	1277746091
37	500	1	1277749202
37	500	1	1277795009
37	500	1	1277795741
37	500	1	1282897503
71	500	1	1284250925
56	500	1	1286136250
37	500	1	1307638739
37	500	1	1308058400
43	500	1	1315173402
99	500	1	1324353176
37	500	1	1327072436
36	500	1	1349099027
37	500	1	1364238695
36	500	1	1411384749
36	500	1	1415102648
36	500	1	1418374403
36	500	1	1419355699
36	500	1	1420384736
36	500	1	1420715358
36	500	1	1421008014
36	500	1	1421961043
36	500	1	1422371418
36	500	1	1424283479
36	500	1	1424810199
36	500	1	1425332536
36	500	1	1426588075
36	500	1	1428007493
36	500	1	1431549972
36	500	1	1432578545
36	500	1	1435669107
36	500	1	1442496992
36	500	1	1468228944
36	500	1	1470054730
55	500	1	1475958387
36	500	1	1476101207
10	501	1	1277721015
42	501	1	1277758560
49	501	1	1323117449
49	501	1	1326116049
49	501	1	1328140746
49	501	1	1329336964
49	501	1	1330451165
49	501	1	1333980425
49	501	1	1343745185
49	501	1	1346126583
37	501	1	1351069765
44	501	1	1377048939
43	501	1	1387502418
43	501	1	1390002202
48	501	1	1402311487
36	501	1	1413891481
45	501	1	1444049517
19	501	1	1493416261
10	502	1	1278499825
42	502	1	1278603950
42	502	1	1280923478
42	502	1	1281679276
43	502	1	1292618830
43	502	1	1304220508
43	502	1	1318151261
49	502	1	1323245728
49	502	1	1331908511
49	502	1	1333998454
49	502	1	1352810389
48	502	1	1363814661
43	502	1	1386527894
48	502	1	1404624901
45	502	1	1434343973
45	502	1	1439727579
45	502	1	1440173287
19	502	1	1493416391
10	503	1	1280794149
55	503	1	1475956667
10	504	1	1280794229
55	504	1	1475955805
10	505	1	1280794319
42	505	1	1280846297
43	505	1	1301158018
43	505	1	1304116857
43	505	1	1308577682
43	505	1	1310852142
49	505	1	1324358028
45	505	1	1343233146
45	505	1	1346407317
45	505	1	1350630422
43	505	1	1386704812
45	505	1	1434964941
45	505	1	1445963589
19	505	1	1480955171
19	505	1	1493418511
10	506	1	1280794377
37	506	1	1281877210
56	506	1	1286136064
71	506	1	1286202946
37	506	1	1307639695
48	506	1	1353226159
37	506	1	1364238720
36	506	1	1411131943
36	506	1	1415106436
36	506	1	1418723869
36	506	1	1419352103
36	506	1	1420385116
36	506	1	1421273817
36	506	1	1421961668
36	506	1	1422385368
36	506	1	1423915933
36	506	1	1424810196
36	506	1	1426588067
36	506	1	1432578541
36	506	1	1439880992
36	506	1	1452780992
36	506	1	1466756987
55	506	1	1475958832
10	507	1	1280794711
42	507	1	1280846381
43	507	1	1304194344
49	507	1	1323283606
43	507	1	1325541870
49	507	1	1328145291
49	507	1	1335233759
45	507	1	1348493079
45	507	1	1367943426
45	507	1	1373457926
48	507	1	1426799552
45	507	1	1434899220
48	507	1	1440234629
45	507	1	1446887383
36	507	1	1458553672
19	507	1	1486923737
19	507	1	1493417930
10	508	1	1280794737
42	508	1	1280845842
42	508	1	1282082077
42	508	1	1283064898
43	508	1	1297333582
43	508	1	1304109390
43	508	1	1312638380
37	508	1	1322936837
49	508	1	1335084261
45	508	1	1340450211
45	508	1	1345832479
45	508	1	1351075014
45	508	1	1367872242
45	508	1	1373419757
45	508	1	1435190890
19	508	1	1487632524
19	508	1	1493417790
29	509	1	1280796594
29	510	1	1280800553
100	511	1	1280960767
100	511	1	1281006654
100	512	1	1281097713
29	513	1	1281149987
29	514	1	1281154067
29	515	1	1281155643
29	516	1	1281159036
100	517	1	1281183370
29	517	1	1289146132
98	517	1	1308799283
98	517	1	1309110248
98	517	1	1356643662
29	518	1	1281233424
29	519	1	1281235177
100	520	1	1281258997
101	521	1	1281990424
21	521	1	1290569095
22	521	1	1290598136
101	522	1	1281990436
42	523	1	1282576684
42	523	1	1284141519
43	523	1	1318769760
49	523	1	1323513328
45	523	1	1340950506
45	523	1	1342999730
45	523	1	1346081132
45	523	1	1350840469
45	523	1	1356147993
43	523	1	1386629739
45	523	1	1434977065
45	523	1	1438712758
19	523	1	1468564747
19	523	1	1493416978
29	524	1	1283021406
10	525	1	1283352650
10	525	1	1283352730
42	525	1	1283370525
42	525	1	1288577989
43	525	1	1292358846
43	525	1	1296213784
43	525	1	1303156045
49	525	1	1324143713
49	525	1	1329441257
44	525	1	1332255541
45	525	1	1357330249
43	525	1	1387655328
48	525	1	1420025074
45	525	1	1434956500
45	525	1	1446830503
36	525	1	1458451278
19	525	1	1478057656
19	525	1	1493417740
10	526	1	1283352693
42	526	1	1283370299
42	526	1	1285483630
45	526	1	1356910358
45	526	1	1358521331
43	526	1	1387662138
45	526	1	1434986806
19	526	1	1493419534
43	527	1	1283388345
43	527	1	1291846108
43	527	1	1293722909
29	528	1	1283394023
102	528	1	1395594531
103	529	1	1283396164
103	529	1	1284617467
15	529	1	1408317603
103	530	1	1283414555
60	531	1	1284513471
60	532	1	1284513495
69	533	1	1284760975
9	534	1	1285023421
103	535	1	1285795208
104	536	1	1286803582
105	537	1	1287599873
106	537	1	1361252541
106	537	1	1369971175
106	537	1	1369971184
107	537	1	1415986607
107	537	1	1467197402
107	537	1	1467205571
107	537	1	1467342338
65	537	1	1468491622
103	538	1	1287791080
29	539	1	1289159023
29	540	1	1289173725
103	541	1	1289955831
103	541	1	1291480306
103	541	1	1295309153
108	541	1	1326485852
109	541	1	1337665701
109	541	1	1342549572
109	541	1	1349132117
109	541	1	1360201381
110	542	1	1290880315
110	542	1	1290881573
110	542	1	1291152424
110	542	1	1296210272
110	542	1	1296213390
110	542	1	1296489434
10	543	1	1292589771
49	543	1	1324237549
45	543	1	1340488352
19	543	1	1493418030
10	544	1	1292589911
37	544	1	1322949660
45	544	1	1344478192
45	544	1	1436788688
19	544	1	1493419599
10	545	1	1292589954
43	545	1	1295857453
49	545	1	1323283047
49	545	1	1328148919
49	545	1	1335263075
45	545	1	1351161330
45	545	1	1367953808
45	545	1	1373462494
45	545	1	1434899133
48	545	1	1440215274
45	545	1	1452586394
19	545	1	1485219496
19	545	1	1493418000
10	546	1	1292590371
43	546	1	1323293722
43	546	1	1323333290
43	546	1	1387662313
19	546	1	1493419183
10	547	1	1292590417
10	547	1	1292590438
43	547	1	1323333575
19	547	1	1493418401
10	548	1	1292590512
43	548	1	1292637016
43	548	1	1321385782
49	548	1	1323051401
49	548	1	1326173737
49	548	1	1331393546
49	548	1	1343758586
45	548	1	1433219968
45	548	1	1440025511
45	548	1	1462199390
36	548	1	1466540433
36	548	1	1468655192
19	548	1	1493416281
101	549	1	1293737056
111	550	1	1294090791
112	551	1	1296205316
98	551	1	1321986376
29	552	1	1296443308
29	552	1	1333238843
63	552	1	1390290216
63	552	1	1390292037
29	553	1	1296617902
113	554	1	1296650278
29	555	1	1296784750
114	556	1	1297546950
114	557	1	1297546971
115	558	1	1297896620
115	558	1	1331641616
115	558	1	1401154521
115	558	1	1423122399
29	559	1	1298436274
10	560	1	1301755584
10	560	1	1302633143
10	560	1	1302633181
10	560	1	1302633236
10	561	1	1301755649
10	561	1	1302633212
10	562	1	1301756005
10	562	1	1301756055
10	562	1	1302632325
43	562	1	1307213350
19	562	1	1493416451
10	563	1	1301756081
10	563	1	1302632302
43	563	1	1337510319
43	563	1	1387662355
19	563	1	1493418891
29	564	1	1301870545
10	565	1	1302632432
43	565	1	1304193496
37	565	1	1323022426
49	565	1	1328711393
49	565	1	1343896270
45	565	1	1344616507
45	565	1	1350688245
45	565	1	1429569436
45	565	1	1439326053
18	565	1	1469931235
19	565	1	1493416511
10	566	1	1302632458
43	566	1	1304242757
37	566	1	1323022785
43	566	1	1325441884
43	566	1	1325536449
43	566	1	1326566380
49	566	1	1337932400
49	566	1	1343917807
45	566	1	1348619948
45	566	1	1367842584
51	566	1	1368912907
45	566	1	1373199402
48	566	1	1426795852
45	566	1	1440449568
45	566	1	1448742666
36	566	1	1463482161
45	566	1	1468099102
45	566	1	1487434286
19	566	1	1493416571
10	567	1	1302632633
45	567	1	1340758285
45	567	1	1367238373
45	567	1	1369028569
45	567	1	1370312449
19	567	1	1493416501
103	568	1	1302757868
29	569	1	1302978748
101	569	1	1331474610
29	570	1	1302983156
29	571	1	1302995008
29	572	1	1303351806
29	573	1	1305157673
29	573	1	1333912585
116	574	1	1306294941
116	574	1	1314535600
103	575	1	1306449572
103	576	1	1306521752
117	577	1	1307397018
118	577	1	1332354047
98	578	1	1308809342
98	578	1	1308813413
98	579	1	1308813160
119	580	1	1309522823
119	581	1	1309530625
98	582	1	1309539860
29	583	1	1309571121
29	584	1	1309579710
29	585	1	1309583727
29	586	1	1309623739
29	587	1	1309632680
10	588	1	1310861148
43	588	1	1318437064
43	588	1	1327799934
19	588	1	1493418421
10	589	1	1310862065
45	589	1	1340329358
45	589	1	1435739336
19	589	1	1493416761
10	590	1	1310862106
45	590	1	1340329348
45	590	1	1353687763
43	590	1	1387653210
45	590	1	1435739669
45	590	1	1488192306
19	590	1	1493416771
10	591	1	1310862893
10	591	1	1315680717
10	591	1	1315680734
45	591	1	1341239004
43	591	1	1387660468
18	591	1	1492054054
19	591	1	1493418771
10	592	1	1311860076
43	592	1	1327653549
43	592	1	1387662287
19	592	1	1493419303
10	593	1	1311860113
43	593	1	1324746765
45	593	1	1340400621
43	593	1	1387655545
45	593	1	1452471380
19	593	1	1493417590
10	594	1	1311860308
10	594	1	1311860365
49	594	1	1323177626
49	594	1	1326277453
49	594	1	1331470778
49	594	1	1343785605
45	594	1	1433227622
45	594	1	1440078877
45	594	1	1462240731
19	594	1	1466547341
36	594	1	1468699182
18	594	1	1478156108
19	594	1	1493416321
10	595	1	1311860747
10	595	1	1321372618
10	595	1	1321372834
45	595	1	1341238873
19	595	1	1493419293
10	596	1	1311860784
10	596	1	1321372554
10	596	1	1321372725
10	596	1	1321372764
49	596	1	1323540333
49	596	1	1328136614
49	596	1	1340392639
45	596	1	1344150953
45	596	1	1350972337
49	596	1	1354791825
45	596	1	1367332191
43	596	1	1386889206
48	596	1	1419944939
45	596	1	1435052310
45	596	1	1445194117
19	596	1	1466547732
19	596	1	1468928668
18	596	1	1469931475
18	596	1	1475121966
19	596	1	1479407488
18	596	1	1487819713
19	596	1	1493417610
10	597	1	1311860834
49	597	1	1323177486
49	597	1	1326277205
49	597	1	1331470198
49	597	1	1343785496
45	597	1	1433227552
45	597	1	1444071928
36	597	1	1463170611
19	597	1	1466547331
36	597	1	1468699073
19	597	1	1493416331
120	598	1	1313254472
121	599	1	1313799476
122	600	1	1313854365
29	601	1	1314242670
29	601	1	1422213328
123	602	1	1314251645
10	603	1	1315679818
10	603	1	1315680755
43	603	1	1324741999
45	603	1	1374439329
19	603	1	1493417170
124	604	1	1315685489
10	605	1	1315738376
10	606	1	1315738542
37	606	1	1319473870
37	606	1	1327073621
37	606	1	1327334237
37	606	1	1327335206
37	606	1	1327583097
37	606	1	1331902142
36	606	1	1349097789
36	606	1	1411382240
36	606	1	1415095088
36	606	1	1418373732
36	606	1	1418723833
36	606	1	1419353732
36	606	1	1419805431
36	606	1	1420385054
36	606	1	1420837541
36	606	1	1421756515
36	606	1	1424282212
36	606	1	1424810186
36	606	1	1425332908
36	606	1	1426588051
36	606	1	1429707188
36	606	1	1442496701
36	606	1	1448613781
36	606	1	1468226781
36	606	1	1470050918
55	606	1	1475958465
10	607	1	1315739965
37	607	1	1327432047
37	607	1	1327575860
37	607	1	1327584955
36	607	1	1349099087
36	607	1	1408018750
36	607	1	1418042179
36	607	1	1418390203
36	607	1	1418813837
36	607	1	1418890208
36	607	1	1419353393
36	607	1	1420388461
36	607	1	1421067295
36	607	1	1421962192
36	607	1	1422385564
36	607	1	1422956240
36	607	1	1424284480
36	607	1	1424810203
36	607	1	1426588090
36	607	1	1427229460
36	607	1	1428927331
36	607	1	1432578556
36	607	1	1452870992
36	607	1	1457524705
36	607	1	1470054899
36	607	1	1470661783
55	607	1	1475958345
36	607	1	1476101108
29	608	1	1315764092
29	609	1	1315768535
29	610	1	1315773041
118	611	1	1318458211
29	612	1	1318983668
103	613	1	1319842494
103	613	1	1429211992
125	614	1	1319992567
126	614	1	1497568824
127	615	1	1320843079
127	616	1	1320843205
128	617	1	1321040125
10	618	1	1321129804
49	618	1	1323049980
43	618	1	1323920482
44	618	1	1330660053
43	618	1	1334979832
49	618	1	1336243897
45	618	1	1343250966
45	618	1	1376246061
43	618	1	1386600724
45	618	1	1419205192
45	618	1	1421296884
45	618	1	1440481174
18	618	1	1485340910
45	618	1	1487464661
19	618	1	1493416591
10	619	1	1321129834
49	619	1	1324139915
43	619	1	1333319574
45	619	1	1347295675
45	619	1	1351039765
45	619	1	1357877513
45	619	1	1358175199
43	619	1	1386948895
45	619	1	1434955819
19	619	1	1488275614
19	619	1	1493417720
10	620	1	1321129942
49	620	1	1324360104
49	620	1	1336352218
45	620	1	1346406386
45	620	1	1347297327
45	620	1	1350542299
45	620	1	1359217561
43	620	1	1386712440
45	620	1	1429821245
45	620	1	1442167866
36	620	1	1465162337
19	620	1	1467093082
36	620	1	1472458883
19	620	1	1493418711
49	621	1	1323046493
44	621	1	1334268464
44	621	1	1336854667
44	621	1	1336916790
44	621	1	1347550768
49	621	1	1352802727
43	621	1	1386772428
48	621	1	1404571595
45	621	1	1434311046
45	621	1	1440170738
45	621	1	1446204125
19	621	1	1466547288
45	621	1	1467884785
18	621	1	1473491764
18	621	1	1475117085
19	621	1	1489607314
19	621	1	1493416381
44	622	1	1336674954
45	622	1	1350821619
45	622	1	1364831551
45	622	1	1365970544
43	622	1	1387660486
18	622	1	1475551810
19	622	1	1493418761
128	623	1	1321204694
128	624	1	1321204695
128	624	1	1321205015
10	625	1	1321370669
10	626	1	1321370803
49	626	1	1323222577
43	626	1	1328663418
45	626	1	1345496819
45	626	1	1350688827
45	626	1	1359252688
43	626	1	1386704318
36	626	1	1427547725
45	626	1	1441512408
48	626	1	1443951757
45	626	1	1459690712
18	626	1	1469931944
19	626	1	1493418521
10	627	1	1321370840
44	627	1	1323212757
48	627	1	1347366490
45	627	1	1350755324
45	627	1	1353719369
45	627	1	1368468209
45	627	1	1376150228
43	627	1	1386624821
48	627	1	1434656173
45	627	1	1440732632
19	627	1	1488156918
19	627	1	1493416948
10	628	1	1321371330
44	628	1	1334138855
45	628	1	1365822516
45	628	1	1368812560
48	628	1	1443963477
19	628	1	1493418431
10	629	1	1321371406
49	629	1	1323945981
45	629	1	1347390092
45	629	1	1348618821
45	629	1	1350994429
45	629	1	1367268894
45	629	1	1376165970
43	629	1	1386624713
48	629	1	1419506135
36	629	1	1463951934
19	629	1	1488159331
19	629	1	1493416963
129	630	1	1321459995
129	630	1	1349153498
129	630	1	1349170739
29	631	1	1321748121
29	632	1	1321763709
29	633	1	1321849037
29	634	1	1321920062
29	635	1	1321923695
29	635	1	1322093703
29	636	1	1321927883
29	636	1	1322095371
98	637	1	1321998530
98	638	1	1321998706
98	639	1	1322031378
29	640	1	1322097390
29	641	1	1322098608
29	642	1	1322099865
130	643	1	1322264007
131	644	1	1322393682
29	644	1	1346640048
132	645	1	1322945054
132	646	1	1322945273
29	647	1	1323016649
29	648	1	1323047051
29	649	1	1323050696
133	650	1	1323101105
51	650	1	1323111322
51	650	1	1327387720
51	650	1	1327499870
51	650	1	1327507538
51	650	1	1328961642
51	650	1	1334075573
51	650	1	1368063297
51	650	1	1368955464
133	651	1	1323101120
51	651	1	1323111423
51	651	1	1327386306
51	651	1	1327497294
51	651	1	1327505127
51	651	1	1328973692
51	651	1	1334071705
51	651	1	1368061502
51	651	1	1368913375
29	652	1	1323133874
118	653	1	1325895085
118	653	1	1325966287
103	654	1	1326329837
118	655	1	1328129250
29	656	1	1329081358
101	657	1	1329312602
101	657	1	1329321379
101	658	1	1329728219
118	659	1	1329744752
118	660	1	1329758723
98	661	1	1329831624
98	662	1	1329835976
98	662	1	1356635485
92	663	1	1330560136
101	664	1	1330623594
101	665	1	1330703388
134	666	1	1331465607
135	666	1	1473308701
29	667	1	1332040630
29	668	1	1333244698
29	669	1	1333420078
29	670	1	1333500914
29	670	1	1333583064
29	671	1	1333587998
29	672	1	1333905933
29	673	1	1333908008
118	674	1	1334112227
29	675	1	1334510578
29	676	1	1336324161
118	677	1	1338319744
136	678	1	1338438507
136	678	1	1338441487
136	678	1	1342491198
29	679	1	1338650442
29	680	1	1338656607
29	681	1	1338661314
137	682	1	1338916203
137	682	1	1338917933
137	683	1	1338916205
137	684	1	1338935201
137	684	1	1338936829
137	685	1	1338935202
29	686	1	1339380268
29	687	1	1339993749
63	689	1	1340184659
89	690	1	1340567364
36	690	1	1340711107
36	691	1	1340603294
36	691	1	1340711333
36	691	1	1444217102
118	692	1	1340665991
29	693	1	1341260050
29	693	1	1344111020
138	694	1	1343484509
12	695	1	1344081427
29	696	1	1344112485
29	697	1	1344220134
29	698	1	1344380734
61	699	1	1346362429
61	700	1	1346433830
44	700	1	1347173011
44	701	1	1346448036
29	702	1	1346628574
29	703	1	1346633813
29	704	1	1346638090
45	705	1	1348302742
45	705	1	1361674423
45	705	1	1367426158
45	705	1	1376130372
43	705	1	1386881398
45	705	1	1421182509
45	705	1	1434109354
36	705	1	1459597235
36	705	1	1465036575
19	705	1	1493418551
45	706	1	1348122521
45	706	1	1370711268
43	706	1	1386857374
36	706	1	1458285136
18	706	1	1474886086
18	706	1	1483485549
18	706	1	1490413027
19	706	1	1493417038
139	707	1	1348934381
101	708	1	1351191728
101	709	1	1351240367
101	710	1	1351246526
101	711	1	1351246535
129	712	1	1351374066
25	713	1	1351958794
29	714	1	1355088836
29	715	1	1355092586
29	716	1	1355113649
140	717	1	1355255402
141	718	1	1355726139
142	718	1	1491291277
118	719	1	1359580700
118	720	1	1359580816
140	721	1	1359910776
29	722	1	1360031811
14	722	1	1417131909
14	722	1	1487249453
29	723	1	1360036064
29	724	1	1361150951
29	725	1	1361156363
143	726	1	1363889940
143	727	1	1363889950
118	728	1	1364092423
29	729	1	1364143525
29	730	1	1364147467
29	731	1	1364173967
29	732	1	1364175754
144	732	1	1451502359
145	733	1	1365254133
146	734	1	1366083896
118	735	1	1367174149
147	736	1	1367354099
144	736	1	1451502329
148	737	1	1369405336
148	737	1	1378045215
29	737	1	1381707523
148	737	1	1384698228
148	737	1	1408420022
29	738	1	1370218680
149	739	1	1370256765
29	740	1	1372734747
29	741	1	1372821784
150	742	1	1374268355
150	742	1	1388837156
150	742	1	1424687390
151	743	1	1375252541
29	743	1	1381683215
152	744	1	1375527716
153	745	1	1376272177
153	746	1	1376272214
154	747	1	1376682493
154	748	1	1377991728
148	749	1	1378218644
148	749	1	1382847143
148	749	1	1382860984
95	750	1	1379167371
95	751	1	1379167377
29	752	1	1379283684
29	753	1	1379303417
144	753	1	1451502358
29	754	1	1379464892
29	755	1	1379468462
29	756	1	1379561711
29	757	1	1379563231
29	758	1	1379564560
29	759	1	1379898273
29	760	1	1379899808
29	761	1	1380160528
29	762	1	1380164719
29	763	1	1380396819
29	764	1	1380398178
29	765	1	1380401757
155	765	1	1385795846
155	765	1	1388051838
155	765	1	1391247333
29	765	1	1408628246
57	765	1	1411917880
156	765	1	1411919411
29	765	1	1413774904
29	765	1	1438466669
29	766	1	1380408290
155	766	1	1385473746
155	766	1	1386742486
155	766	1	1391654884
155	766	1	1393934855
57	766	1	1411917880
156	766	1	1411919412
29	766	1	1414902824
29	767	1	1381684803
29	768	1	1381702314
148	768	1	1382878175
148	768	1	1382932070
29	769	1	1381724081
157	769	1	1450286618
158	770	1	1383037162
159	771	1	1383338225
159	772	1	1383340376
160	773	1	1384698626
161	774	1	1384784295
162	775	1	1384786123
163	776	1	1385383663
164	777	1	1387293323
29	778	1	1390176031
165	778	1	1487200443
29	779	1	1390254998
29	780	1	1390266150
166	781	1	1390299843
167	782	1	1392384861
167	783	1	1392391918
29	784	1	1393564563
29	785	1	1393571777
162	786	1	1394756864
168	787	1	1395184580
168	787	1	1395426608
168	787	1	1396577780
102	788	1	1395594531
169	789	1	1396562720
170	790	1	1396596785
107	791	1	1400531916
15	792	1	1408317603
29	793	1	1408642364
171	793	1	1461691362
29	794	1	1409110819
29	795	1	1410626015
172	795	1	1447392171
29	796	1	1410712053
29	797	1	1411006472
172	797	1	1447384040
57	798	1	1411917880
137	798	1	1415711729
57	799	1	1411917881
137	799	1	1415711743
156	800	1	1411919412
156	801	1	1411919412
173	802	1	1413472455
173	802	1	1447334617
173	802	1	1447617459
173	803	1	1413472465
29	804	1	1416718200
157	804	1	1472037946
157	804	1	1472127906
29	805	1	1416724710
157	805	1	1472037947
157	805	1	1472127906
14	806	1	1417131908
14	807	1	1417131910
29	808	1	1417326147
174	809	1	1418654480
175	810	1	1418814301
29	811	1	1421020431
29	812	1	1421113700
29	813	1	1421117665
29	814	1	1421121602
29	814	1	1423376207
138	814	1	1424432178
157	815	1	1422983152
157	815	1	1422986685
157	816	1	1422983152
157	816	1	1422986685
157	817	1	1422986685
157	818	1	1422986685
29	819	1	1423371725
29	820	1	1423378384
138	820	1	1424432178
29	821	1	1423709505
29	822	1	1423942278
29	823	1	1424394532
157	823	1	1438202273
138	824	1	1424432178
138	825	1	1424432178
29	826	1	1424584243
157	826	1	1438202272
29	827	1	1424586307
137	827	1	1438444720
89	828	1	1424783893
89	829	1	1424784264
45	829	1	1435119852
48	829	1	1439803266
48	829	1	1443910875
45	829	1	1449233656
19	829	1	1488395803
19	829	1	1493418130
89	830	1	1424784309
36	830	1	1424810193
36	830	1	1425332768
36	830	1	1425582240
36	830	1	1426152802
36	830	1	1427719109
36	830	1	1428396707
36	830	1	1429103069
36	830	1	1432578559
36	830	1	1434968961
36	830	1	1437641872
36	830	1	1439814786
36	830	1	1442496534
36	830	1	1452873048
36	830	1	1466757564
17	830	1	1498444629
89	831	1	1424784736
36	831	1	1424809783
36	831	1	1432578053
36	831	1	1446468843
36	831	1	1446542428
36	831	1	1466756315
36	831	1	1476093022
36	831	1	1491991199
36	831	1	1495112739
36	831	1	1499070656
176	832	1	1425817766
89	833	1	1426514232
36	833	1	1426587601
36	833	1	1426666698
36	833	1	1426686076
36	833	1	1427111931
36	833	1	1427145240
36	833	1	1427389650
36	833	1	1427795920
36	833	1	1427923504
36	833	1	1428486264
36	833	1	1429008403
36	833	1	1429261921
36	833	1	1430393668
36	833	1	1431684295
36	833	1	1432202395
36	833	1	1432578496
36	833	1	1432932571
36	833	1	1433533788
36	833	1	1434046675
36	833	1	1435308562
36	833	1	1438239410
36	833	1	1439287966
36	833	1	1440401630
36	833	1	1440678587
36	833	1	1442498172
36	833	1	1443175929
36	833	1	1445342730
36	833	1	1445343637
36	833	1	1446204560
36	833	1	1449223473
36	833	1	1450360881
36	833	1	1466757631
36	833	1	1466773250
36	833	1	1467279605
36	833	1	1467356196
36	833	1	1468186687
36	833	1	1468238571
36	833	1	1468571516
36	833	1	1472803928
36	833	1	1473164672
36	833	1	1479885725
36	833	1	1492964280
36	833	1	1499070647
89	834	1	1426514239
36	834	1	1426587676
36	834	1	1426666682
36	834	1	1426715733
36	834	1	1427111974
36	834	1	1427229153
36	834	1	1427464421
36	834	1	1427886496
36	834	1	1427990975
36	834	1	1428571131
36	834	1	1429089168
36	834	1	1429733380
36	834	1	1431550892
36	834	1	1431977435
36	834	1	1432578504
36	834	1	1432932326
36	834	1	1433534119
36	834	1	1434441630
36	834	1	1436940744
36	834	1	1438764367
36	834	1	1440162398
36	834	1	1440678405
36	834	1	1442498415
36	834	1	1445335888
36	834	1	1448277540
36	834	1	1450361456
36	834	1	1466757662
36	834	1	1479207557
36	834	1	1491915437
36	834	1	1499070645
89	835	1	1426514248
36	835	1	1426587784
36	835	1	1426676954
36	835	1	1427229181
36	835	1	1427456564
36	835	1	1427823082
36	835	1	1427966619
36	835	1	1428503895
36	835	1	1429046070
36	835	1	1429732726
36	835	1	1431549875
36	835	1	1431969307
36	835	1	1432578502
36	835	1	1432932453
36	835	1	1433533908
36	835	1	1434046799
36	835	1	1435668613
36	835	1	1438592758
36	835	1	1439973760
36	835	1	1440495245
36	835	1	1442222362
36	835	1	1442498296
36	835	1	1442567359
36	835	1	1445247301
36	835	1	1446207050
36	835	1	1449129553
36	835	1	1450266470
36	835	1	1466757641
36	835	1	1467981748
36	835	1	1468219285
36	835	1	1468321172
36	835	1	1470055653
36	835	1	1470649251
36	835	1	1479211716
36	835	1	1479979385
36	835	1	1499070646
89	836	1	1426514266
36	836	1	1426587900
36	836	1	1426681242
36	836	1	1427229163
36	836	1	1427456211
36	836	1	1427799160
36	836	1	1427954275
36	836	1	1428483977
36	836	1	1428485280
36	836	1	1429047613
36	836	1	1429261777
36	836	1	1431553222
36	836	1	1432122633
36	836	1	1432578523
36	836	1	1433326842
36	836	1	1433941835
36	836	1	1434973780
36	836	1	1438592841
36	836	1	1439973902
36	836	1	1440678174
36	836	1	1441698662
36	836	1	1442497456
36	836	1	1445247212
36	836	1	1450086146
36	836	1	1450360123
36	836	1	1467098376
36	836	1	1468322306
36	836	1	1468585801
36	836	1	1470685772
36	836	1	1474055629
36	836	1	1479211559
36	836	1	1499070648
29	837	1	1426643725
107	838	1	1426646675
3	838	1	1429227556
107	838	1	1429245612
107	839	1	1426646675
3	839	1	1429227556
107	839	1	1429245612
107	840	1	1426646675
3	840	1	1429227556
107	840	1	1429245612
107	841	1	1426646676
3	841	1	1429227556
107	841	1	1429245612
107	842	1	1426646676
107	843	1	1426646676
3	843	1	1429227556
107	843	1	1429245612
107	844	1	1426646676
3	844	1	1429227556
107	844	1	1429245612
107	845	1	1426646676
107	846	1	1426646676
3	846	1	1429227556
107	846	1	1429245612
107	847	1	1426646676
3	847	1	1429227556
107	847	1	1429245612
107	848	1	1426646676
3	848	1	1429227560
107	848	1	1429245613
107	849	1	1426646676
3	849	1	1429227556
107	849	1	1429245612
107	850	1	1426646676
3	850	1	1429227560
107	850	1	1429245613
103	851	1	1429211993
45	852	1	1435602750
48	852	1	1444391707
36	852	1	1463944389
19	852	1	1466547791
45	852	1	1475968994
19	852	1	1493416933
45	853	1	1435013059
19	853	1	1493417470
45	854	1	1435177385
19	854	1	1466547351
19	854	1	1493416301
157	855	1	1438202272
157	856	1	1438202273
177	857	1	1438644823
178	858	1	1441904475
179	859	1	1441931232
180	860	1	1442770998
177	861	1	1443816134
177	862	1	1443816134
177	863	1	1443816134
177	864	1	1443816134
177	865	1	1443816135
177	866	1	1443816135
177	867	1	1443816135
157	870	1	1450286618
157	871	1	1450286618
144	872	1	1451502329
144	873	1	1451502358
144	874	1	1451502359
171	875	1	1461695570
144	876	1	1462387285
65	877	1	1468491656
157	878	1	1472127906
157	879	1	1472127906
135	880	1	1473308701
55	881	1	1475955508
55	882	1	1475955524
55	883	1	1475955538
55	884	1	1475955551
55	885	1	1475955565
55	886	1	1475955583
55	887	1	1475955612
55	888	1	1475955627
55	889	1	1475955647
55	890	1	1475955684
55	891	1	1475955699
55	892	1	1475955711
55	893	1	1475955833
55	894	1	1475955886
55	895	1	1475955966
55	896	1	1475955972
55	897	1	1475955978
55	898	1	1475955987
55	899	1	1475955992
55	900	1	1475955999
55	901	1	1475956013
55	902	1	1475956049
55	903	1	1475956065
55	904	1	1475956176
55	905	1	1475956205
55	906	1	1475956221
55	907	1	1475956266
55	908	1	1475956276
55	909	1	1475956281
55	910	1	1475956286
55	911	1	1475956496
55	912	1	1475956505
55	913	1	1475956513
55	914	1	1475956521
55	915	1	1475956529
55	916	1	1475956539
55	917	1	1475956573
55	918	1	1475956585
55	919	1	1475956595
55	920	1	1475956611
55	921	1	1475956618
55	922	1	1475956629
55	923	1	1475956676
55	924	1	1475956721
55	925	1	1475956733
55	926	1	1475956743
55	926	1	1475956756
55	927	1	1475956765
55	928	1	1475956773
55	929	1	1475956781
55	930	1	1475956790
55	931	1	1475956806
55	932	1	1475956815
55	933	1	1475956832
55	934	1	1475956842
55	935	1	1475956862
55	936	1	1475956939
55	937	1	1475956947
55	938	1	1475956957
55	939	1	1475956967
55	940	1	1475957106
55	940	1	1475957233
55	940	1	1475957659
55	941	1	1475957114
55	941	1	1475957223
55	941	1	1475957599
55	941	1	1475957668
55	942	1	1475957474
55	942	1	1475957818
55	943	1	1475957482
55	943	1	1475957841
55	944	1	1475958030
36	944	1	1499070655
55	945	1	1475958132
36	945	1	1476093952
18	945	1	1492156492
36	945	1	1499070652
55	946	1	1475958290
18	946	1	1492156451
36	946	1	1499070651
55	947	1	1475958338
36	947	1	1499070658
55	948	1	1475958381
36	948	1	1492601110
36	948	1	1492979352
36	948	1	1499070665
55	949	1	1475958457
36	949	1	1499070653
55	950	1	1475958500
36	950	1	1499070664
55	951	1	1475958597
36	951	1	1476093433
36	951	1	1499070656
55	952	1	1475958638
36	952	1	1499070654
55	953	1	1475958668
36	953	1	1476093770
17	953	1	1498176913
55	954	1	1475958696
18	954	1	1492156206
36	954	1	1499070661
55	955	1	1475958739
36	955	1	1476094419
36	955	1	1477042525
36	955	1	1499070668
55	956	1	1475958785
36	956	1	1476093283
36	956	1	1499070657
55	957	1	1475958827
36	957	1	1499070666
55	958	1	1475958857
36	958	1	1499070663
55	959	1	1475958883
36	959	1	1491988399
36	959	1	1499070662
55	960	1	1475959025
36	960	1	1476092328
36	960	1	1499070660
55	961	1	1475959135
36	961	1	1476094186
18	961	1	1492155659
36	961	1	1499070659
89	962	1	1476091008
36	962	1	1476094415
36	962	1	1478507058
36	962	1	1479910562
36	962	1	1492957569
36	962	1	1499070649
181	963	1	1481396388
181	963	1	1481396526
182	964	1	1481733756
183	965	1	1486019856
18	965	1	1487347159
19	965	1	1493418721
183	966	1	1486019860
19	966	1	1486848185
19	966	1	1493417800
165	967	1	1487200443
14	968	1	1487249453
126	969	1	1497568824
